
0.840188 27697.4
0.394383 13213
0.783099 23374.6
0.79844 24346.8
0.911647 38497.6
0.197551 11300.6
0.335223 12546.2
0.76823 22529.2
0.277775 11981.6
0.55397 15660.2
0.477397 14340.7
0.628871 17344.1
0.364784 12867.3
0.513401 14920.9
0.95223 54175.3
0.916195 39644.5
0.635712 17524.3
0.717297 20175.1
0.141603 10885.3
0.606969 16800.4
0.0163006 10091.7
0.242887 11671.7
0.137232 10854.6
0.804177 24740.5
0.156679 10993
0.400944 13293.2
0.12979 10802.9
0.108809 10660.9
0.998925 445754
0.218257 11465.9
0.512932 14912.9
0.839112 27594.4
0.61264 16936.6
0.296032 12153.3
0.637552 17573.7
0.524287 15109.6
0.493583 14593.6
0.972775 74039.2
0.292517 12119.7
0.771358 22699.9
0.526745 15153.1
0.769914 22620.7
0.400229 13284.4
0.891529 34350.9
0.283315 12033
0.352458 12730.7
0.807725 24993.1
0.919026 40408.8
0.0697553 10409.9
0.949327 52428.6
0.525995 15139.8
0.0860558 10512.6
0.192214 11259.1
0.663227 18305.9
0.890233 34124.8
0.348893 12691.9
0.0641713 10375.3
0.020023 10113
0.457702 14049
0.0630958 10368.7
0.23828 11632.4
0.970634 70990.1
0.902208 36386.7
0.85092 28788
0.266666 11880.4
0.53976 15389.7
0.375207 12986.1
0.760249 22109.4
0.512535 14906.1
0.667724 18443.1
0.531606 15240.3
0.0392803 10225.1
0.437638 13768.3
0.931835 44465.3
0.93081 44098.1
0.720952 20321.5
0.284293 12042.1
0.738534 21069.7
0.639979 17639.4
0.354049 12748.1
0.687861 19094.9
0.165974 11060.9
0.440105 13802
0.880075 32487.6
0.829201 26693
0.330337 12495.3
0.228968 11554.1
0.893372 34679.5
0.35036 12707.8
0.68667 19054.6
0.956468 57045.1
0.58864 16380.3
0.657304 18129.4
0.858676 29655.3
0.43956 13794.5
0.92397 41847.9
0.398437 13262.4
0.814767 25516.6
0.684219 18972.2
0.910972 38335.1

0.482491 14419
0.215825 11446.1
0.950252 52968.2
0.920128 40717.5
0.14766 10928.2
0.881062 32637.1
0.641081 17669.5
0.431953 13691.6
0.619596 17107.9
0.281059 12012
0.786002 23550.2
0.307458 12264.3
0.447034 13897.8
0.226107 11530.4
0.187533 11223
0.276235 11967.4
0.556444 15708.7
0.416501 13488.9
0.169607 11087.7
0.906804 37372.9
0.103171 10623.6
0.126075 10777.4
0.495444 14623.5
0.760475 22121
0.984752 102169
0.935004 45657
0.684445 18979.8
0.383188 13079.2
0.749771 21590.2
0.368664 12911.2
0.29416 12135.3
0.232262 11581.6
0.584489 16289.1
0.244413 11684.8
0.15239 10962
0.732149 20789.1
0.125475 10773.3
0.79347 24019.6
0.164102 11047.1
0.745071 21368.2
0.0745298 10439.7
0.950104 52880.6
0.0525293 10304.3
0.521563 15061.7
0.176211 11137
0.240062 11647.5
0.797798 24303.8
0.732654 20811
0.656564 18107.7
0.967405 66992.7
0.639458 17625.3
0.759735 22083.1
0.0934805 10560.4
0.134902 10838.4
0.52021 15038.1
0.0782321 10463
0.0699064 10410.8
0.204655 11356.6
0.46142 14102.8
0.819677 25900.3
0.573319 16050.8
0.755581 21873.8
0.0519388 10300.7
0.157807 11001.1
0.999994 7.62099e+06
0.204329 11354
0.889956 34077.1
0.125468 10773.3
0.997799 299444
0.0540576 10313.6
0.87054 31135.6
0.0723288 10425.9
0.00416161 10023.2
0.923069 41575.1
0.593892 16497.6
0.180372 11168.4
0.163131 11040
0.39169 13180.5
0.913027 38835.6
0.819695 25901.8
0.359095 12803.7
0.552485 15631.3
0.57943 16180
0.452576 13975.8
0.687387 19078.8
0.0996401 10600.5
0.530808 15225.9
0.757294 21959.5
0.304295 12233.2
0.992228 148573
0.576971 16127.7
0.877614 32122.9
0.747809 21496.7
0.62891 17345.2
0.0354209 10202.4
0.747803 21496.4
0.833239 27050.1
0.925377 42284.4
0.873271 31506.7
0.831038 26853.8

0.979434 86524.6
0.743811 21309.7
0.903366 36628.4
0.983596 98104.7
0.66688 18417.1
0.497259 14652.8
0.163968 11046.1
0.830012 26763.6
0.888949 33905.1
0.0769947 10455.2
0.649707 17909.9
0.248044 11716.1
0.62948 17360
0.229137 11555.5
0.70062 19542.8
0.316867 12357.8
0.328777 12479.2
0.231428 11574.7
0.074161 10437.4
0.633072 17454.2
0.223656 11510.2
0.651132 17950.5
0.510686 14874.8
0.971466 72132.2
0.280042 12002.6
0.546107 15508.9
0.719269 20253.7
0.113281 10690.7
0.471483 14251.4
0.59254 16467.2
0.944318 49753.7
0.450918 13952.3
0.336351 12558.1
0.847684 28446.6
0.434513 13726
0.00323146 10018
0.344943 12649.3
0.598481 16602.1
0.833243 27050.5
0.233892 11595.3
0.675476 18686.6
0.48295 14426.1
0.481936 14410.4
0.304956 12239.7
0.712087 19971.5
0.182556 11185
0.621823 17163.8
0.0408643 10234.5
0.413984 13456.7
0.695984 19376.7
0.673936 18637.5
0.63764 17576.1
0.347116 12672.7
0.184622 11200.7
0.609106 16851.3
0.627158 17299.8
0.730729 20728.2
0.328374 12475
0.740438 21155.4
0.202213 11337.2
0.920914 40941.9
0.684757 18990.2
0.65313 18007.9
0.257265 11796.7
0.532441 15255.4
0.0876436 10522.8
0.260497 11825.3
0.877384 32089.5
0.686125 19036.2
0.0937402 10562.1
0.111276 10677.3
0.361601 12831.6
0.576691 16121.8
0.593211 16482.3
0.666557 18407.2
0.288778 12084.2
0.775767 22946.8
0.288379 12080.5
0.329642 12488.1
0.189751 11240
0.984363 100751
0.00357857 10019.9
0.827391 26537.1
0.331479 12507.1
0.188201 11228.1
0.436497 13752.8
0.958637 58687.9
0.91893 40382.2
0.764871 22349.9
0.699075 19487
0.121143 10743.8
0.685786 19024.7
0.383832 13086.8
0.774273 22862.3
0.943051 49135.7
0.916273 39665
0.861917 30040
0.203548 11347.8
0.793657 24031.6
0.548042 15545.8

0.297288 12165.3
0.904932 36962.4
0.909643 38020.8
0.873979 31604.9
0.498144 14667.1
0.5762 16111.4
0.162757 11037.2
0.273911 11946.1
0.864579 30366.6
0.492399 14574.7
0.463662 14135.5
0.848942 28578
0.495977 14632.1
0.291053 12105.8
0.180421 11168.8
0.684178 18970.9
0.72755 20593.5
0.139058 10867.4
0.603109 16709.4
0.492422 14575
0.838134 27501.6
0.724252 20456.3
0.178208 11152
0.221966 11496.3
0.498525 14673.3
0.121259 10744.6
0.138238 10861.7
0.360443 12818.7
0.324807 12438.3
0.931895 44487.2
0.908485 37752.7
0.622095 17170.7
0.836828 27379.1
0.818128 25777.5
0.496074 14633.6
0.334972 12543.6
0.394327 13212.3
0.658831 18174.5
0.608883 16846
0.258906 11811.2
0.15123 10953.7
0.072545 10427.3
0.107848 10654.5
0.647207 17839.3
0.363598 12854
0.28827 12079.4
0.331386 12506.2
0.0911486 10545.3
0.427328 13630
0.934495 45459.4
0.58357 16269.2
0.265461 11869.6
0.658747 18172
0.761778 22188.1
0.487427 14496
0.157272 10997.3
0.883037 32942
0.625665 17261.5
0.517715 14994.9
0.207844 11381.9
0.557561 15730.7
0.426199 13615.1
0.829939 26757.3
0.394388 13213.1
0.244327 11684
0.326013 12450.7
0.72936 20669.9
0.638654 17603.5
0.984845 102517
0.338243 12578
0.89756 35460.1
0.136075 10846.5
0.410788 13416.1
0.00540855 10030.2
0.783282 23385.5
0.774386 22868.7
0.293678 12130.7
0.114668 10700
0.865535 30486.4
0.721006 20323.7
0.0491625 10284
0.449105 13926.8
0.986467 109173
0.707909 19812.3
0.210883 11406.3
0.473894 14287.6
0.865181 30441.9
0.0939195 10563.2
0.0995593 10599.9
0.382896 13075.8
0.301763 12208.6
0.65712 18124
0.809095 25092.6
0.131702 10816.2
0.0515083 10298.1
0.0534223 10309.7
0.457716 14049.2
0.780868 23242.1
0.692076 19239.7
0.44256 13835.7

0.119111 10730
0.589637 16402.4
0.578635 16163
0.529899 15209.5
0.595045 16523.7
0.361917 12835.2
0.304285 12233.1
0.888723 33866.9
0.476585 14328.4
0.16982 11089.3
0.609729 16866.3
0.525747 15135.4
0.618925 17091.2
0.596196 16549.9
0.233656 11593.4
0.829808 26745.8
0.0700902 10412
0.0988374 10595.2
0.923728 41774.1
0.16965 11088
0.481733 14407.3
0.225491 11525.3
0.826769 26484.2
0.290829 12103.6
0.357193 12782.7
0.878278 32220.2
0.344251 12641.9
0.814909 25527.5
0.659146 18183.8
0.0363274 10207.7
0.257469 11798.5
0.778257 23089.6
0.625964 17269.1
0.836104 27311.8
0.308157 12271.1
0.221009 11488.4
0.198021 11304.3
0.612442 16931.7
0.109733 10667
0.674605 18658.8
0.782262 23324.6
0.719462 20261.5
0.200352 11322.6
0.401188 13296.2
0.315658 12345.7
0.434009 13719.2
0.230996 11571.1
0.385748 13109.5
0.532846 15262.8
0.154724 10978.8
0.555398 15688.1
0.0145793 10081.9
0.380215 13044.3
0.382167 13067.2
0.305408 12244.1
0.737408 21019.4
0.260445 11824.8
0.649659 17908.6
0.552316 15628.1
0.919591 40566.1
0.685986 19031.5
0.809785 25143.2
0.697848 19443
0.31195 12308.7
0.645889 17802.4
0.00600477 10033.5
0.53296 15264.8
0.84391 28062.4
0.618447 17079.3
0.642693 17713.7
0.518515 15008.7
0.400709 13290.3
0.362154 12837.8
0.718867 20237.7
0.801897 24581.9
0.677812 18761.7
0.152876 10965.5
0.0328927 10187.5
0.0635606 10371.6
0.685722 19022.6
0.187616 11223.6
0.618958 17092
0.700301 19531.3
0.567831 15937.3
0.00112548 10006.3
0.00570914 10031.9
0.305239 12242.5
0.26157 11834.8
0.655368 18072.8
0.857555 29525.4
0.181161 11174.4
0.341354 12611
0.667341 18431.3
0.879009 32328.3
0.653305 18012.9
0.31323 12321.4
0.885014 33255.6
0.186265 11213.3
0.157139 10996.3
0.503461 14754.2

0.828957 26671.8
0.675654 18692.3
0.90417 36798.7
0.191112 11250.5
0.394521 13214.7
0.706067 19743.2
0.868924 30921.8
0.547397 15533.5
0.738959 21088.8
0.932485 44702.5
0.233119 11588.8
0.926576 42666.7
0.551443 15611.1
0.93342 45050.3
0.494407 14606.8
0.552568 15632.9
0.939129 47350.9
0.799646 24428.1
0.814139 25468.7
0.594497 16511.3
0.657201 18126.4
0.9953 196459
0.935852 45991.2
0.324541 12435.6
0.874309 31651
0.589157 16391.7
0.637771 17579.6
0.759324 22062.2
0.775421 22927.2
0.79491 24113.1
0.262785 11845.6
0.604379 16739.2
0.470564 14237.6
0.166955 11068.1
0.79549 24151.1
0.865086 30429.9
0.873021 31472.2
0.664414 18341.8
0.412483 13437.6
0.611981 16920.6
0.596899 16565.9
0.645601 17794.4
0.538557 15367.4
0.148342 10933.1
0.579022 16171.3
0.0329634 10188
0.70091 19553.4
0.518151 15002.4
0.832609 26993.5
0.515049 14949
0.112648 10686.5
0.48981 14533.5
0.510349 14869.1
0.0484997 10280
0.814351 25484.9
0.384658 13096.6
0.637656 17576.5
0.452122 13969.3
0.143982 10902.1
0.413078 13445.2
0.247033 11707.3
0.406767 13365.5
0.0174566 10098.3
0.717597 20187
0.573721 16059.3
0.812947 25378.4
0.582682 16249.9
0.446743 13893.7
0.477361 14340.2
0.995165 193391
0.0587232 10341.9
0.0742604 10438
0.640766 17660.9
0.59728 16574.6
0.222602 11501.5
0.219788 11478.4
0.630243 17379.9
0.923513 41708.8
0.737939 21043.1
0.462852 14123.7
0.438562 13780.9
0.850586 28752.3
0.952662 54449.7
0.948911 52190.9
0.899086 35757
0.767014 22463.8
0.333569 12528.9
0.536742 15334
0.219136 11473.1
0.477551 14343.1
0.94982 52714.3
0.466169 14172.4
0.884318 33144.2
0.967277 66846.8
0.183765 11194.2
0.458039 14053.9
0.780224 23204.2
0.766448 22433.5
0.904782 36929.8
0.257585 11799.5

0.761612 22179.6
0.963505 62915.4
0.331846 12511
0.402379 13310.9
0.560785 15794.7
0.554448 15669.5
0.622167 17172.5
0.191028 11249.9
0.477961 14349.3
0.360105 12815
0.65388 18029.6
0.916523 39730.9
0.210692 11404.7
0.606542 16790.2
0.865434 30473.6
0.109778 10667.3
0.373556 12967.1
0.199003 11312
0.64652 17820
0.592692 16470.6
0.676554 18721.1
0.596341 16553.1
0.0588605 10342.8
0.560872 15796.5
0.563617 15851.6
0.242626 11669.4
0.0189108 10106.6
0.343841 12637.5
0.00907344 10050.8
0.923692 41763.3
0.601427 16670.2
0.770686 22662.9
0.887197 33611.5
0.933273 44995
0.173065 11113.5
0.447982 13911
0.487721 14500.6
0.795231 24134.1
0.639009 17613.1
0.965682 65102.2
0.155336 10983.3
0.292889 12123.2
0.882204 32812.5
0.366028 12881.3
0.899431 35825.1
0.747638 21488.6
0.475806 14316.5
0.272987 11937.7
0.94664 50945.3
0.122326 10751.8
0.865679 30504.5
0.623194 17198.5
0.718666 20229.6
0.92454 42023.2
0.184066 11196.5
0.282284 12023.4
0.167165 11069.7
0.202977 11343.3
0.626125 17273.3
0.176239 11137.2
0.126669 10781.5
0.227552 11542.4
0.946925 51096.7
0.0138663 10077.9
0.160824 11023.1
0.119989 10735.9
0.461848 14109
0.648545 17877
0.915221 39390.7
0.100857 10608.4
0.614227 16975.2
0.070557 10414.9
0.393746 13205.3
0.496431 14639.4
0.436585 13754
0.293177 12126
0.244069 11681.8
0.912391 38678.7
0.566164 15903.3
0.190709 11247.4
0.0347164 10198.2
0.431844 13690.1
0.813904 25450.8
0.753383 21765.3
0.356383 12773.7
0.99797 313196
0.0356664 10203.8
0.523548 15096.6
0.200947 11327.3
0.661792 18262.7
0.699787 19512.7
0.327616 12467.2
0.889343 33972.2
0.646712 17825.4
0.341482 12612.3
0.0501679 10290.1
0.766701 22447.1
0.80333 24681.3
0.698713 19474
0.681922 18896

0.904187 36802.3
0.31294 12318.5
0.752479 21721.1
0.297933 12171.5
0.809371 25112.8
0.189064 11234.7
0.591111 16435.2
0.0534394 10309.8
0.101454 10612.3
0.157275 10997.3
0.244149 11682.5
0.136171 10847.2
0.589119 16390.9
0.0580523 10337.8
0.889553 34008
0.945502 50351.1
0.0560222 10325.5
0.92522 42235.1
0.46905 14215
0.256969 11794
0.587011 16344.3
0.168837 11082
0.584585 16291.3
0.476355 14324.9
0.815549 25576.7
0.926068 42503.5
0.526523 15149.2
0.58225 16240.6
0.729398 20671.5
0.225236 11523.2
0.264172 11858
0.633585 17467.7
0.538175 15360.4
0.0166506 10093.7
0.931518 44350.9
0.347546 12677.3
0.205714 11365
0.522629 15080.4
0.400985 13293.7
0.307168 12261.4
0.679904 18829.7
0.645134 17781.3
0.443339 13846.4
0.269022 11901.7
0.703186 19636.5
0.332892 12521.9
0.214524 11435.6
0.759208 22056.3
0.258112 11804.1
0.683574 18950.8
0.0161775 10091
0.845123 28184.3
0.852411 28949.2
0.600763 16654.8
0.321478 12404.4
0.66796 18450.4
0.52683 15154.7
0.848 28479.4
0.25021 11734.9
0.256228 11787.5
0.0732357 10431.6
0.514382 14937.6
0.889813 34052.5
0.611411 16906.8
0.531033 15230
0.821331 26033.2
0.958957 58941.6
0.736747 20990.1
0.343959 12638.8
0.359942 12813.2
0.0439153 10252.6
0.0238632 10135.1
0.0050762 10028.3
0.487254 14493.2
0.292886 12123.2
0.708262 19825.6
0.820146 25937.8
0.50741 14819.8
0.467471 14191.6
0.0782579 10463.1
0.190984 11249.5
0.483648 14436.9
0.923381 41668.9
0.0433947 10249.5
0.084411 10502.1
0.244858 11688.6
0.711355 19943.3
0.611241 16902.7
0.0928584 10556.4
0.961565 61131.3
0.867469 30732.8
0.166094 11061.8
0.475947 14318.7
0.757282 21958.9
0.777505 23046.2
0.00698012 10039
0.578613 16162.6
0.736462 20977.5
0.743727 21305.8
0.922572 41426.5

0.0964041 10579.3
0.787642 23651.1
0.946435 50836.8
0.10148 10612.5
0.274897 11955.2
0.239321 11641.2
0.809743 25140
0.0950427 10570.5
0.74673 21445.8
0.277214 11976.4
0.173301 11115.2
0.937714 46750.1
0.760862 22140.9
0.0966814 10581.1
0.981109 90704.8
0.845273 28199.5
0.34154 12613
0.692463 19253.1
0.456514 14031.9
0.434398 13724.4
0.654029 18033.9
0.323983 12429.9
0.600492 16648.5
0.129976 10804.2
0.081265 10482.1
0.377997 13018.5
0.136956 10852.7
0.659878 18205.5
0.114459 10698.6
0.880683 32579.4
0.58245 16244.9
0.210863 11406.1
0.668326 18461.7
0.528885 15191.3
0.312343 12312.6
0.943222 49217.8
0.768206 22527.9
0.122086 10750.2
0.0382648 10219.1
0.514936 14947.1
0.3993 13273
0.211565 11411.8
0.45265 13976.8
0.160162 11018.3
0.308247 12272
0.433758 13715.8
0.00543489 10030.3
0.649787 17912.2
0.126222 10778.4
0.461949 14110.5
0.0841846 10500.7
0.780251 23205.7
0.785932 23545.9
0.684677 18987.5
0.910227 38157.9
0.867197 30697.8
0.0626739 10366.1
0.0471826 10272.1
0.527075 15159
0.177133 11143.9
0.927866 43088.9
0.109525 10665.7
0.387996 13136.2
0.596191 16549.7
0.638409 17596.8
0.70034 19532.7
0.539413 15383.3
0.406615 13363.6
0.822426 26122.3
0.577678 16142.7
0.921551 41126.1
0.221726 11494.3
0.789244 23750.8
0.374201 12974.5
0.381888 13063.9
0.0974906 10586.4
0.807959 25010.1
0.387323 13128.2
0.747277 21471.6
0.934181 45339
0.849272 28612.7
0.831462 26891.3
0.714432 20062.4
0.635204 17510.8
0.516139 14967.7
0.624658 17235.7
0.502401 14736.7
0.578813 16166.8
0.671841 18571.3
0.0294762 10167.6
0.755945 21892
0.599707 16630.3
0.139001 10867
0.143942 10901.8
0.195898 11287.7
0.77741 23040.8
0.844281 28099.6
0.735311 20926.8
0.184025 11196.1
0.666707 18411.8

0.31299 12319
0.105576 10639.5
0.888433 33817.9
0.102233 10617.5
0.479777 14377.1
0.270321 11913.5
0.199724 11317.6
0.287736 12074.4
0.657643 18139.4
0.947001 51137.5
0.221918 11495.9
0.506915 14811.5
0.778463 23101.5
0.936349 46190.6
0.142119 10888.9
0.294601 12139.6
0.561007 15799.2
0.64452 17764.3
0.873414 31526.4
0.232848 11586.6
0.673996 18639.4
0.629359 17356.8
0.832555 26988.7
0.812997 25382.1
0.773301 22807.8
0.0284525 10161.7
0.590407 16419.5
0.617582 17057.8
0.763764 22291.6
0.774432 22871.3
0.284289 12042.1
0.0767534 10453.6
0.880009 32477.6
0.172722 11110.9
0.178987 11157.9
0.359786 12811.4
0.443043 13842.4
0.37871 13026.8
0.647522 17848.2
0.100686 10607.3
0.325711 12447.6
0.86944 30989.6
0.6076 16815.4
0.104174 10630.2
0.805789 24854.4
0.749719 21587.7
0.398775 13266.5
0.366796 12890
0.394239 13211.2
0.272189 11930.4
0.599644 16628.9
0.0682348 10400.4
0.901549 36251.1
0.432199 13694.9
0.881232 32662.9
0.67485 18666.6
0.460652 14091.6
0.471639 14253.7
0.292432 12118.9
0.224415 11516.4
0.246071 11699
0.576721 16122.4
0.301169 12202.8
0.12608 10777.4
0.749443 21574.5
0.480156 14383
0.485866 14471.5
0.192486 11261.2
0.858866 29677.5
0.133388 10827.8
0.293171 12125.9
0.184577 11200.4
0.00282779 10015.7
0.900772 36093.2
0.288752 12084
0.808617 25057.8
0.650491 17932.2
0.687527 19083.6
0.175413 11131
0.0447295 10257.5
0.959716 59556.4
0.775058 22906.6
0.112964 10688.6
0.861265 29961.5
0.207257 11377.3
0.994196 174731
0.536115 15322.4
0.667908 18448.8
0.465835 14167.4
0.828546 26636.3
0.892324 34491.4
0.711906 19964.5
0.405267 13346.8
0.193493 11269
0.837986 27487.6
0.154711 10978.7
0.673648 18628.3
0.323852 12428.6
0.347196 12673.6
0.532514 15256.7

0.45724 14042.4
0.640368 17650
0.717092 20167
0.460067 14083.2
0.54114 15415.4
0.00584319 10032.6
0.268684 11898.6
0.19163 11254.5
0.69337 19284.8
0.444097 13856.9
0.23636 11616.1
0.653087 18006.6
0.219155 11473.2
0.349324 12696.6
0.514352 14937.1
0.426412 13617.9
0.34352 12634.1
0.0504663 10291.9
0.0943199 10565.8
0.809355 25111.6
0.879013 32328.7
0.986644 109972
0.521261 15056.5
0.28428 12042
0.180136 11166.6
0.359247 12805.4
0.43899 13786.7
0.853785 29100
0.683098 18934.9
0.786187 23561.5
0.386299 13116
0.140338 10876.4
0.426555 13619.8
0.10339 10625.1
0.600405 16646.5
0.967694 67325
0.109233 10663.7
0.86909 30943.5
0.159324 11012.2
0.802604 24630.8
0.313187 12321
0.395684 13228.8
0.45569 14020.1
0.532342 15253.6
0.745008 21365.2
0.970042 70207.3
0.958753 58779.9
0.0885283 10528.5
0.0205084 10115.8
0.0530733 10307.6
0.897883 35522.3
0.899521 35842.8
0.039717 10227.7
0.419144 13523
0.183801 11194.4
0.219853 11478.9
0.778391 23097.3
0.622791 17188.3
0.0736379 10434.1
0.461489 14103.8
0.408978 13393.3
0.459937 14081.3
0.601827 16679.5
0.835533 27259.1
0.563327 15845.8
0.202232 11337.4
0.803227 24674.1
0.67256 18593.9
0.071322 10419.6
0.962551 62020.2
0.475164 14306.8
0.384509 13094.8
0.358235 12794.2
0.930854 44113.8
0.916851 39818
0.103244 10624.1
0.900896 36118.3
0.875604 31833.6
0.191772 11255.6
0.921405 41083.6
0.928678 43360.8
0.089655 10535.7
0.820926 26000.5
0.968395 68150.1
0.508799 14843
0.00472651 10026.4
0.188248 11228.5
0.287189 12069.3
0.627518 17309.1
0.261886 11837.6
0.748678 21538
0.0364959 10208.7
0.721822 20356.8
0.350505 12709.4
0.872028 31336.3
0.285149 12050.1
0.552738 15636.2
0.675255 18679.5
0.957709 57969.2
0.62406 17220.5

0.637806 17580.6
0.432873 13703.9
0.00856861 10047.9
0.996042 216125
0.363727 12855.4
0.92542 42297.9
0.0992851 10598.1
0.264624 11862.1
0.801024 24521.9
0.291057 12105.8
0.186029 11211.4
0.729702 20684.4
0.380712 13050.1
0.00695418 10038.8
0.698096 19451.9
0.889511 34000.8
0.0116807 10065.5
0.886344 33471.2
0.1767 11140.7
0.639199 17618.2
0.14823 10932.3
0.925379 42285.1
0.675694 18693.6
0.870053 31070.7
0.275884 11964.2
0.547723 15539.7
0.155202 10982.3
0.828622 26642.8
0.222978 11504.6
0.112911 10688.3
0.452681 13977.3
0.860784 29903.9
0.545784 15502.8
0.46125 14100.3
0.856826 29441.8
0.909512 37990.2
0.386669 13120.4
0.956111 56786.6
0.174136 11121.5
0.187693 11224.2
0.247168 11708.5
0.360164 12815.6
0.917395 39963.4
0.62788 17318.5
0.367118 12893.7
0.615491 17006.2
0.517391 14989.3
0.378799 13027.8
0.501835 14727.4
0.694091 19310
0.0179977 10101.4
0.650066 17920.1
0.61947 17104.8
0.693692 19296
0.520118 15036.5
0.895354 35042.7
0.241415 11659.1
0.67532 18681.6
0.723975 20444.9
0.464393 14146.2
0.788231 23687.6
0.176656 11140.4
0.325177 12442.1
0.334016 12533.6
0.637906 17583.3
0.182003 11180.8
0.243528 11677.2
0.0245755 10139.2
0.138114 10860.8
0.417663 13503.9
0.212269 11417.4
0.385282 13103.9
0.777828 23064.8
0.129663 10802.1
0.0131615 10073.9
0.144946 10908.9
0.745154 21372
0.530552 15221.3
0.523745 15100
0.24699 11707
0.224643 11518.3
0.541743 15426.7
0.897055 35363.3
0.844113 28082.7
0.235435 11608.3
0.417174 13497.6
0.739467 21111.6
0.47685 14332.4
0.0924937 10554
0.463442 14132.3
0.941243 48289.8
0.880725 32585.8
0.640098 17642.7
0.26642 11878.2
0.214741 11437.4
0.278005 11983.7
0.448423 13917.2
0.458269 14057.2
0.30258 12216.5
0.586537 16333.9

0.875932 31880.3
0.514849 14945.6
0.971818 72632
0.65376 18026.1
0.644512 17764
0.98498 103028
0.798706 24364.7
0.389667 13156.2
0.515532 14957.3
0.322451 12414.3
0.636656 17549.6
0.740175 21143.5
0.864194 30318.8
0.533712 15278.5
0.584288 16284.8
0.0996293 10600.4
0.950885 53346.3
0.323755 12427.6
0.576479 16117.3
0.043379 10249.4
0.787197 23623.6
0.517722 14995
0.924104 41889.1
0.427295 13629.6
0.784142 23437.3
0.138845 10865.9
0.7053 19714.6
0.232565 11584.2
0.597114 16570.8
0.00788008 10044
0.819102 25854.5
0.473045 14274.8
0.522729 15082.2
0.79092 23856.3
0.126805 10782.4
0.167241 11070.2
0.775899 22954.3
0.925511 42326.8
0.556908 15717.8
0.291431 12109.4
0.247962 11715.4
0.193564 11269.5
0.0316064 10180
0.112157 10683.2
0.727276 20582
0.615894 17016.1
0.211786 11413.5
0.678161 18773
0.939649 47577.2
0.788265 23689.7
0.72154 20345.3
0.726846 20564
0.305987 12249.8
0.645644 17795.5
0.154141 10974.6
0.0901297 10538.8
0.784489 23458.2
0.859441 29744.9
0.322695 12416.8
0.381603 13060.6
0.867321 30713.8
0.141796 10886.6
0.854648 29195.9
0.39005 13160.8
0.932716 44787.9
0.981453 91637.4
0.557291 15725.4
0.708616 19839
0.906964 37408.7
0.114199 10696.9
4.68777e-05 10000.3
0.154927 10980.3
0.307763 12267.3
0.0316532 10180.3
0.267083 11884.2
0.0350389 10200.1
0.647548 17848.9
0.478869 14363.2
0.7132 20014.5
0.587197 16348.4
0.267134 11884.7
0.43474 13729
0.314043 12329.5
0.573122 16046.7
0.080384 10476.6
0.468185 14202.2
0.663252 18306.6
0.864873 30403.3
0.327626 12467.3
0.985946 106907
0.246476 11702.5
0.194948 11280.3
0.127743 10788.9
0.101124 10610.2
0.584998 16300.2
0.0604589 10352.5
0.082577 10490.5
0.142289 10890.1
0.769074 22574.9
0.989541 125976

0.256489 11789.8
0.769121 22577.5
0.144468 10905.5
0.564252 15864.4
0.800775 24504.9
0.411551 13425.8
0.599291 16620.7
0.448322 13915.8
0.89042 34157.3
0.312491 12314
0.0355193 10203
0.157555 10999.3
0.747231 21469.4
0.349562 12699.2
0.730677 20725.9
0.827615 26556.2
0.817747 25747.6
0.393928 13207.5
0.692488 19254
0.145373 10911.9
0.379874 13040.3
0.938963 47279.4
0.340321 12600
0.507617 14823.2
0.0400871 10229.9
0.925318 42266.1
0.568076 15942.3
0.122664 10754.1
0.0676078 10396.6
0.33715 12566.5
0.112205 10683.5
0.324096 12431.1
0.106272 10644.1
0.256673 11791.4
0.888348 33803.6
0.907046 37427
0.668224 18458.5
0.487639 14499.3
0.355369 12762.6
0.558645 15752.2
0.800129 24460.9
0.390888 13170.8
0.716199 20131.7
0.54736 15532.7
0.74045 21156
0.446876 13895.6
0.374975 12983.5
0.558198 15743.3
0.840804 27756.9
0.0674623 10395.7
0.703571 19650.7
0.220679 11485.7
0.0064256 10035.9
0.0438913 10252.5
0.728296 20624.8
0.0465127 10268.1
0.96921 69146.5
0.296372 12156.5
0.169177 11084.5
0.0368176 10210.6
0.633522 17466.1
0.281382 12015
0.360914 12824
0.739794 21126.3
0.538055 15358.2
0.249262 11726.6
0.64684 17829
0.20628 11369.5
0.736901 20996.9
0.00220922 10012.3
0.764925 22352.7
0.53703 15339.2
0.393097 13197.4
0.481124 14397.9
0.0843902 10502
0.133548 10828.9
0.928 43133.6
0.459365 14073
0.691745 19228.2
0.768804 22560.3
0.526827 15154.6
0.395316 13224.3
0.989483 125587
0.533253 15270.2
0.439207 13789.7
0.717778 20194.2
0.579765 16187.2
0.408417 13386.2
0.0141502 10079.5
0.748942 21550.6
0.445235 13872.7
0.647672 17852.4
0.030324 10172.5
0.806149 24880
0.387466 13129.9
0.568379 15948.5
0.0554106 10321.8
0.0343068 10195.8
0.774659 22884.1
0.792311 23945

0.036516 10208.8
0.539584 15386.5
0.329342 12485
0.429613 13660.3
0.0207081 10116.9
0.413732 13453.5
0.563161 15842.4
0.948708 52076.3
0.873097 31482.6
0.254906 11775.9
0.717512 20183.7
0.399924 13280.6
0.650222 17924.6
0.706995 19777.9
0.933176 44958.9
0.0894297 10534.3
0.424774 13596.4
0.512941 14913
0.497847 14662.3
0.438924 13785.8
0.261883 11837.6
0.943081 49150.2
0.0865962 10516.1
0.292207 12116.7
0.74923 21564.3
0.474063 14290.1
0.860587 29880.4
0.804641 24773.1
0.508369 14835.8
0.635246 17511.9
0.596952 16567.1
0.544885 15485.8
0.17483 11126.7
0.926294 42575.9
0.974499 76779.1
0.195538 11284.9
0.340026 12596.9
0.53766 15350.8
0.144246 10904
0.213122 11424.3
0.792566 23961.4
0.861759 30020.9
0.613046 16946.4
0.442789 13838.8
0.568754 15956.2
0.546222 15511.1
0.532218 15251.4
0.993528 164466
0.0591633 10344.6
0.0300651 10171
0.432452 13698.2
0.321047 12400
0.973147 74606.6
0.519048 15017.9
0.613254 16951.5
0.722377 20379.4
0.99311 158855
0.473841 14286.8
0.527017 15158
0.50148 14721.6
0.109087 10662.8
0.123969 10763
0.0463652 10267.3
0.283917 12038.6
0.0502633 10290.6
0.0208639 10117.8
0.479455 14372.2
0.390289 13163.6
0.558524 15749.7
0.623701 17211.4
0.603411 16716.5
0.35109 12715.7
0.48546 14465.1
0.216457 11451.3
0.793879 24046
0.054214 10314.5
0.762679 22234.9
0.326097 12451.6
0.0477418 10275.5
0.821842 26074.7
0.356162 12771.3
0.480193 14383.5
0.142889 10894.4
0.329309 12484.6
0.999241 541049
0.756143 21901.8
0.0516852 10299.2
0.992352 149896
0.229984 11562.6
0.578702 16164.5
0.493831 14597.6
0.339071 12586.8
0.702672 19617.6
0.540197 15397.8
0.622988 17193.3
0.752935 21743.4
0.56106 15800.3
0.102443 10618.8
0.143224 10896.7
0.119584 10733.2

0.726144 20534.7
0.746635 21441.3
0.470674 14239.2
0.211604 11412.1
0.963092 62523.7
0.264553 11861.5
0.265818 11872.8
0.725771 20519.1
0.590649 16424.9
0.31356 12324.7
0.547613 15537.6
0.946811 51036.2
0.793753 24037.9
0.690502 19185.3
0.27612 11966.4
0.792995 23988.9
0.446645 13892.3
0.327805 12469.1
0.785346 23510.2
0.676628 18723.5
0.906508 37307
0.279178 11994.6
0.0156992 10088.3
0.609179 16853.1
0.819374 25876.2
0.638687 17604.4
0.362115 12837.4
0.380434 13046.9
0.74113 21186.8
0.505339 14785.3
0.500019 14697.6
0.467274 14188.7
0.251974 11750.2
0.970693 71068.8
0.678878 18796.3
0.215066 11440
0.235245 11606.7
0.944697 49942.7
0.940837 48105.4
0.825895 26410.2
0.258257 11805.4
0.48845 14512.1
0.772706 22774.6
0.0520103 10301.2
0.178952 11157.7
0.0488258 10282
0.845005 28172.4
0.625596 17259.7
0.376631 13002.6
0.630351 17382.7
0.302225 12213.1
0.283138 12031.3
0.909529 37994.1
0.317924 12368.4
0.892318 34490.4
0.728903 20650.5
0.956611 57149.4
0.254432 11771.7
0.109337 10664.4
0.697741 19439.2
0.759771 22085
0.609356 16857.3
0.165015 11053.8
0.0117453 10065.9
0.580048 16193.2
0.843894 28060.8
0.226811 11536.2
0.815294 25557
0.78859 23710
0.167648 11073.2
0.641188 17672.4
0.0468473 10270.1
0.656098 18094.1
0.413894 13455.6
0.0988576 10595.3
0.83505 27214.8
0.46272 14121.7
0.943863 49529
0.460646 14091.6
0.839351 27617.1
0.574214 16069.6
0.762871 22244.9
0.122489 10752.9
0.483742 14438.4
0.0807953 10479.2
0.0148069 10083.2
0.212645 11420.4
0.0374063 10214.1
0.269239 11903.7
0.321982 12409.5
0.735147 20919.6
0.0290106 10164.9
0.931338 44286.2
0.900163 35970.6
0.0407559 10233.9
0.511386 14886.6
0.744056 21321
0.267567 11888.6
0.32668 12457.5
0.532647 15259.1

0.435216 13735.5
0.967868 67527.3
0.579494 16181.4
0.0913142 10546.4
0.381762 13062.5
0.678351 18779.2
0.926364 42598.6
0.844482 28119.7
0.622214 17173.7
0.387011 13124.5
0.683833 18959.4
0.196428 11291.8
0.149882 10944.1
0.806322 24892.4
0.68017 18838.4
0.230677 11568.4
0.821129 26016.9
0.892815 34579.2
0.268084 11893.2
0.0903681 10540.3
0.214797 11437.8
0.00323105 10018
0.119379 10731.8
0.146135 10917.3
0.903394 36634.1
0.160135 11018.1
0.657522 18135.8
0.64745 17846.1
0.427702 13635
0.984202 100178
0.180096 11166.3
0.862918 30161.6
0.95207 54074.7
0.75959 22075.7
0.954232 55479.5
0.333832 12531.7
0.437942 13772.4
0.880596 32566.3
0.178314 11152.8
0.0601557 10350.7
0.267607 11888.9
0.862147 30067.8
0.256583 11790.6
0.417489 13501.6
0.668469 18466.1
0.936754 46354.4
0.648167 17866.3
0.489597 14530.2
0.829569 26725
0.91625 39659.1
0.579965 16191.5
0.0443661 10255.3
0.919481 40535.5
0.699344 19496.7
0.190501 11245.8
0.822875 26159.1
0.859479 29749.3
0.848023 28481.8
0.470325 14234
0.287181 12069.2
0.832225 26959.2
0.650421 17930.2
0.150099 10945.6
0.784295 23446.4
0.410011 13406.3
0.104331 10631.3
0.118126 10723.3
0.847953 28474.5
0.984927 102829
0.29644 12157.2
0.908109 37666.8
0.252535 11755.1
0.158587 11006.8
0.164692 11051.4
0.670024 18514.4
0.827056 26508.5
0.101446 10612.3
0.318191 12371.1
0.316653 12355.7
0.931014 44170.6
0.234441 11600
0.896618 35280.2
0.97538 78294.5
0.153923 10973.1
0.595963 16544.5
0.165882 11060.2
0.976798 80916.9
0.455442 14016.6
0.0139049 10078.1
0.447123 13899
0.742623 21255
0.84613 28286.6
0.0975437 10586.8
0.892721 34562.4
0.630424 17384.6
0.507555 14822.2
0.997052 254591
0.748551 21531.9
0.355508 12764.1
0.98198 93115.3

0.044991 10259
0.263617 11853.1
0.234514 11600.6
0.203578 11348
0.428309 13643
0.904539 36877.5
0.0306337 10174.4
0.529754 15206.9
0.222729 11502.5
0.347287 12674.5
0.460768 14093.3
0.457171 14041.4
0.243905 11680.4
0.436149 13748.1
0.611093 16899.1
0.839868 27666.6
0.60203 16684.2
0.587891 16363.7
0.295309 12146.3
0.615935 17017.1
0.0350138 10200
0.037932 10217.2
0.462065 14112.2
0.132558 10822.1
0.930653 44042.8
0.0924893 10554
0.640113 17643.1
0.927706 43035.9
0.84104 27779.8
0.99562 204322
0.909686 38030.7
0.886031 33420.1
0.259237 11814.1
0.1442 10903.6
0.089609 10535.4
0.687546 19084.2
0.0487385 10281.5
0.120243 10737.7
0.2173 11458.1
0.271468 11923.9
0.467529 14192.5
0.678068 18770
0.728638 20639.3
0.711434 19946.4
0.114216 10697
0.339732 12593.8
0.551302 15608.4
0.716247 20133.6
0.927623 43008.6
0.846611 28335.9
0.332182 12514.5
0.962637 62099.3
0.884543 33180.2
0.794247 24069.9
0.0951945 10571.5
0.815197 25549.6
0.886736 33535.5
0.735307 20926.6
0.742903 21267.8
0.727776 20603
0.730928 20736.7
0.652588 17992.3
0.613807 16965
0.990165 130351
0.796788 24236.7
0.703416 19645
0.67771 18758.4
0.845527 28225.2
0.823659 26223.6
0.89501 34978.9
0.116995 10715.7
0.291188 12107.1
0.573077 16045.8
0.845633 28236
0.00262258 10014.6
0.687294 19075.7
0.185365 11206.4
0.553925 15659.3
0.403541 13325.3
0.112988 10688.8
0.400536 13288.2
0.735723 20944.9
0.0756249 10446.6
0.28508 12049.5
0.52997 15210.8
0.170819 11096.7
0.100276 10604.6
0.416706 13491.6
0.906126 37222.8
0.843179 27989.7
0.144482 10905.6
0.637054 17560.3
0.495767 14628.7
0.75829 22009.7
0.627219 17301.4
0.292555 12120
0.461706 14107
0.304929 12239.4
0.138082 10860.6
0.285365 12052.1

0.199938 11319.3
0.255076 11777.4
0.576553 16118.8
0.773016 22791.9
0.100709 10607.5
0.579176 16174.6
0.460309 14086.7
0.286074 12058.8
0.1331 10825.8
0.86385 30276.2
0.399062 13270
0.533636 15277.1
0.599573 16627.2
0.474687 14299.6
0.818716 25823.9
0.129542 10801.2
0.645506 17791.7
0.918992 40399.3
0.546248 15511.6
0.551633 15614.8
0.762171 22208.5
0.690731 19193.1
0.188687 11231.8
0.257939 11802.6
0.44902 13925.6
0.815905 25604.2
0.550494 15592.8
0.910726 38276.4
0.120834 10741.7
0.688576 19119.3
0.196091 11289.2
0.320772 12397.2
0.943652 49426.2
0.772644 22771.2
0.0937877 10562.4
0.0443619 10255.3
0.351819 12723.7
0.554097 15662.7
0.330436 12496.3
0.484919 14456.7
0.417947 13507.5
0.729499 20675.7
0.0185558 10104.6
0.0175198 10098.7
0.204186 11352.8
0.837272 27420.5
0.147062 10923.9
0.849692 28657.1
0.756264 21907.9
0.693311 19282.7
0.401325 13297.9
0.518436 15007.3
0.384041 13089.3
0.590012 16410.7
0.776374 22981.4
0.833062 27034.2
0.405917 13354.9
0.326868 12459.5
0.743788 21308.6
0.526751 15153.3
0.0154439 10086.8
0.939879 47677.9
0.847523 28429.9
0.959096 59053
0.712522 19988.3
0.941311 48320.9
0.00345808 10019.3
0.0643416 10376.4
0.495408 14622.9
0.333894 12532.3
0.549261 15569.1
0.913355 38917.3
0.0633928 10370.5
0.567817 15937
0.930875 44121.1
0.267578 11888.7
0.405089 13344.6
0.0779371 10461.1
0.117271 10717.6
0.161353 11027
0.771248 22693.8
0.518596 15010.1
0.679788 18826
0.155289 10982.9
0.108608 10659.6
0.456162 14026.9
0.988351 118652
0.514525 14940
0.78303 23370.5
0.732138 20788.7
0.041276 10236.9
0.798474 24349.1
0.672017 18576.8
0.888799 33879.7
0.757571 21973.4
0.384539 13095.2
0.83011 26772.2
0.761029 22149.5
0.448881 13923.6
0.325518 12445.6

0.094923 10569.7
0.998142 328981
0.238873 11637.4
0.158316 11004.8
0.565959 15899.1
0.169748 11088.8
0.425894 13611.1
0.971047 71551.3
0.247685 11713
0.543165 15453.3
0.1324 10821
0.0189329 10106.8
0.0617606 10360.5
0.812189 25321.4
0.174222 11122.1
0.170368 11093.4
0.268351 11895.6
0.162572 11035.9
0.684893 18994.8
0.0513816 10297.4
0.894711 34923.7
0.726169 20535.7
0.849856 28674.5
0.566728 15914.7
0.614968 16993.4
0.607427 16811.2
0.951267 53578
0.445079 13870.5
0.368455 12908.8
0.400148 13283.4
0.770597 22658
0.463378 14131.4
0.39829 13260.6
0.00947013 10053
0.621694 17160.6
0.964248 63639.1
0.179218 11159.7
0.0475882 10274.6
0.935296 45771.3
0.426904 13624.4
0.590753 16427.2
0.067696 10397.1
0.445836 13881.1
0.652514 17990.1
0.879885 32458.9
0.620058 17119.5
0.822882 26159.6
0.148236 10932.3
0.782631 23346.6
0.507775 14825.9
0.199617 11316.8
0.677342 18746.5
0.233944 11595.8
0.0494732 10285.9
0.244069 11681.8
0.848912 28574.8
0.6569 18117.5
0.195336 11283.3
0.293991 12133.7
0.0253549 10143.7
0.595484 16533.7
0.0645876 10377.9
0.488733 14516.5
0.993774 168048
0.0740577 10436.7
0.110427 10671.7
0.958022 58208.9
0.253276 11761.6
0.158015 11002.7
0.893318 34669.7
0.68018 18838.8
0.748768 21542.3
0.961014 60649.7
0.126016 10777
0.401282 13297.4
0.840899 27766.1
0.746075 21415
0.224164 11514.3
0.989134 123333
0.528705 15188.1
0.731938 20780.1
0.188752 11232.3
0.206047 11367.6
0.965882 65314.7
0.238225 11631.9
0.450117 13941
0.814794 25518.7
0.895125 35000.2
0.645453 17790.2
0.108785 10660.7
0.92048 40817.3
0.240937 11655
0.173373 11115.8
0.409213 13396.2
0.234711 11602.2
0.247431 11710.8
0.51964 15028.2
0.192734 11263.1
0.500707 14708.9
0.677655 18756.6

0.0860517 10512.6
0.180886 11172.3
0.426423 13618.1
0.0470658 10271.4
0.306902 12258.8
0.827705 26564
0.887965 33739.3
0.0529768 10307
0.0518689 10300.3
0.877099 32048.1
0.581682 16228.3
0.783807 23417.1
0.0658506 10385.7
0.787729 23656.5
0.74969 21586.3
0.304075 12231.1
0.237846 11628.7
0.564484 15869.1
0.1992 11313.5
0.883299 32983.1
0.673269 18616.3
0.119679 10733.8
0.124236 10764.8
0.846642 28339.1
0.528892 15191.5
0.358948 12802.1
0.0940727 10564.2
0.0485317 10280.2
0.551681 15615.7
0.594779 16517.7
0.726187 20536.4
0.637733 17578.6
0.775665 22941
0.15261 10963.6
0.684799 18991.6
0.0825677 10490.4
0.980315 88654.8
0.572763 16039.2
0.135545 10842.8
0.0321839 10183.4
0.449862 13937.4
0.717227 20172.3
0.815991 25610.8
0.515713 14960.4
0.504956 14778.9
0.565681 15893.4
0.819788 25909.2
0.742802 21263.2
0.130165 10805.5
0.0189879 10107.1
0.626101 17272.6
0.803434 24688.6
0.138667 10864.7
0.750337 21617.4
0.650077 17920.4
0.667559 18438
0.109285 10664.1
0.744149 21325.4
0.716091 20127.5
0.660966 18237.9
0.338929 12585.3
0.442278 13831.8
0.298698 12178.9
0.114594 10699.5
0.594888 16520.1
0.983497 97778.1
0.197162 11297.6
0.575203 16090.4
0.55626 15705.1
0.332706 12519.9
0.607387 16810.3
0.00612195 10034.2
0.0499329 10288.7
0.423378 13578.1
0.521834 15066.5
0.554889 15678.2
0.989059 122860
0.341622 12613.8
0.297691 12169.2
0.119224 10730.8
0.36061 12820.6
0.923792 41793.6
0.922658 41452.2
0.499278 14685.6
0.674129 18643.6
0.572735 16038.7
0.166837 11067.2
0.783413 23393.4
0.316884 12358
0.882928 32925.1
0.444379 13860.8
0.655813 18085.7
0.325206 12442.4
0.743078 21275.9
0.770407 22647.6
0.920094 40707.8
0.726575 20552.6
0.967568 67179.8
0.495297 14621.1
0.282835 12028.5

0.300275 12194.1
0.102683 10620.4
0.288957 12085.9
0.350207 12706.2
0.526061 15141
0.810791 25217.3
0.905096 36997.8
0.51512 14950.2
0.152413 10962.2
0.202787 11341.8
0.634344 17487.9
0.513024 14914.4
0.126579 10780.9
0.557002 15719.7
0.0123013 10069
0.800708 24500.3
0.129737 10802.6
0.179138 11159.1
0.584121 16281.2
0.446622 13892
0.0620666 10362.4
0.0285004 10161.9
0.102434 10618.8
0.387273 13127.6
0.771578 22712.1
0.872841 31447.4
0.307366 12263.4
0.498153 14667.3
0.840409 27718.8
0.802663 24634.9
0.780987 23249.1
0.140684 10878.8
0.905346 37052
0.0699438 10411.1
0.490891 14550.7
0.431407 13684.3
0.880735 32587.3
0.395988 13232.5
0.946527 50885.5
0.0331482 10189
0.598775 16608.9
0.580872 16210.9
0.546172 15510.1
0.725354 20501.8
0.137874 10859.1
0.558473 15748.7
0.526062 15141
0.267611 11889
0.737611 21028.5
0.110183 10670
0.714233 20054.7
0.799678 24430.3
0.138684 10864.8
0.816667 25663.2
0.186951 11218.5
0.910262 38166.2
0.689509 19151.1
0.494317 14605.4
0.408414 13386.2
0.529918 15209.9
0.29698 12162.4
0.189401 11237.3
0.670602 18532.4
0.202326 11338.1
0.259345 11815.1
0.161494 11028
0.633734 17471.7
0.14008 10874.6
0.557481 15729.1
0.580261 16197.8
0.173228 11114.7
0.156257 10989.9
0.161133 11025.4
0.7194 20259
0.881611 32721
0.299007 12181.9
0.277873 11982.5
0.407673 13376.9
0.566618 15912.5
0.0154844 10087.1
0.517856 14997.3
0.280851 12010.1
0.815162 25546.9
0.65654 18107
0.0975185 10586.6
0.00211305 10011.8
0.566801 15916.2
0.787027 23613.1
0.49643 14639.4
0.975215 78004.3
0.316945 12358.6
0.79341 24015.7
0.164617 11050.9
0.987547 114336
0.995737 207399
0.423962 13585.7
0.149041 10938
0.629471 17359.7
0.564042 15860.2
0.706522 19760.2

0.209732 11397
0.73727 21013.3
0.862779 30144.6
0.370865 12936.3
0.45667 14034.2
0.74439 21336.5
0.669871 18509.7
0.734543 20893.1
0.152062 10959.7
0.23649 11617.2
0.750027 21602.5
0.669918 18511.1
0.517341 14988.4
0.565189 15883.4
0.326458 12455.3
0.614859 16990.7
0.567302 15926.5
0.893259 34659
0.401886 13304.8
0.0637327 10372.6
0.868474 30863
0.718831 20236.2
0.857143 29478.1
0.0330907 10188.7
0.706378 19754.8
0.85288 29000.4
0.457052 14039.7
0.855419 29282.3
0.48235 14416.8
0.021094 10119.1
0.561941 15817.9
0.692082 19239.9
0.758364 22013.4
0.42472 13595.7
0.0629468 10367.8
0.215033 11439.7
0.169109 11084
0.732818 20818.1
0.949576 52572.3
0.321172 12401.3
0.969308 69269.1
0.699603 19506
0.99109 137705
0.486648 14483.7
0.264793 11863.6
0.317548 12364.7
0.101507 10612.7
0.832095 26947.6
0.210806 11405.7
0.503394 14753.1
0.895828 35131.2
0.0792805 10469.6
0.222225 11498.4
0.752971 21745.1
0.112371 10684.7
0.928603 43335.5
0.60585 16773.8
0.569424 15970
0.784022 23430
0.0882007 10526.4
0.590518 16422
0.345963 12660.3
0.780283 23207.6
0.348881 12691.8
0.770682 22662.7
0.84323 27994.7
0.563915 15857.6
0.939791 47639.5
0.576048 16108.2
0.513491 14922.4
0.260963 11829.4
0.545356 15494.7
0.213094 11424.1
0.252053 11750.9
0.0320041 10182.4
0.477887 14348.2
0.5696 15973.7
0.133512 10828.7
0.309982 12289.1
0.780407 23214.9
0.636905 17556.3
0.205809 11365.7
0.859687 29773.9
0.85913 29708.3
0.95878 58800.8
0.972059 72978.5
0.787733 23656.7
0.56463 15872.1
0.541482 15421.8
0.571755 16018.3
0.652831 17999.3
0.132 10818.2
0.917717 40050.3
0.433114 13707.1
0.480881 14394.1
0.688399 19113.2
0.276344 11968.4
0.0447959 10257.9
0.628191 17326.5
0.852391 28947.1

0.558287 15745.1
0.889154 33939.9
0.397747 13253.9
0.771381 22701.2
0.141207 10882.5
0.429751 13662.2
0.249267 11726.7
0.710807 19922.3
0.563263 15844.5
0.559249 15764.1
0.491214 14555.8
0.200168 11321.1
0.765058 22359.7
0.350901 12713.7
0.0592977 10345.4
0.723838 20439.2
0.32296 12419.5
0.847031 28379
0.288468 12081.3
0.864442 30349.6
0.418785 13518.4
0.941299 48315.5
0.996442 229303
0.336502 12559.7
0.374413 12977
0.477323 14339.6
0.0249018 10141.1
0.650757 17939.8
0.522119 15071.5
0.653093 18006.8
0.503148 14749
0.0804055 10476.7
0.542247 15436.1
0.900895 36118.1
0.851786 28881.3
0.683453 18946.7
0.330647 12498.5
0.101054 10609.7
0.39426 13211.5
0.893909 34776.9
0.660302 18218.1
0.885474 33329.6
0.0940773 10564.2
0.425361 13604.1
0.236375 11616.3
0.153375 10969.1
0.149199 10939.2
0.559335 15765.8
0.000405591 10002.3
0.437667 13768.7
0.423777 13583.3
0.419191 13523.6
0.378966 13029.7
0.420218 13536.9
0.755693 21879.4
0.753379 21765.1
0.897541 35456.3
0.780595 23226
0.404136 13332.7
0.41966 13529.7
0.433687 13714.8
0.907284 37480.2
0.500065 14698.4
0.975934 79290.2
0.808179 25026
0.351851 12724
0.659387 18190.9
0.138826 10865.8
0.452905 13980.4
0.0536473 10311.1
0.0327351 10186.6
0.113207 10690.2
0.939121 47347.4
0.126812 10782.5
0.538568 15367.6
0.175496 11131.7
0.280188 12003.9
0.687766 19091.7
0.734831 20905.7
0.280593 12007.7
0.125433 10773
0.158607 11007
0.699784 19512.6
0.504399 14769.7
0.578825 16167.1
0.455477 14017.1
0.257778 11801.2
0.476366 14325
0.236071 11613.7
0.661914 18266.3
0.896026 35168.4
0.669759 18506.1
0.569198 15965.4
0.396091 13233.7
0.645693 17796.9
0.377377 13011.3
0.747942 21503
0.30508 12240.9
0.516203 14968.8
0.200847 11326.5

0.358727 12799.7
0.548938 15562.9
0.314054 12329.6
0.297849 12170.7
0.67575 18695.4
0.852622 28972.2
0.473345 14279.3
0.955938 56662.7
0.540389 15401.4
0.208175 11384.6
0.236531 11617.6
0.665822 18384.7
0.366783 12889.9
0.936315 46176.7
0.170221 11092.3
0.945608 50405.9
0.391792 13181.7
0.427999 13638.9
0.421975 13559.7
0.627863 17318
0.0899137 10537.4
0.318 12369.2
0.297622 12168.5
0.659112 18182.8
0.714091 20049.1
0.943315 49262.6
0.0364889 10208.7
0.462033 14111.7
0.248395 11719.1
0.552692 15635.3
0.66288 18295.4
0.607122 16804
0.10163 10613.5
0.976935 81183.3
0.904971 36970.7
0.77738 23039
0.829557 26723.9
0.378316 13022.2
0.733318 20839.7
0.369946 12925.8
0.586491 16332.9
0.969849 69957.4
0.0357674 10204.4
0.953274 54844.5
0.906164 37231.1
0.205989 11367.2
0.898882 35716.9
0.297956 12171.7
0.633988 17478.4
0.320857 12398.1
0.925819 42424.2
0.723902 20441.8
0.638857 17609
0.223441 11508.4
0.383013 13077.2
0.352948 12736
0.166755 11066.6
0.419502 13527.6
0.814982 25533.1
0.41515 13471.6
0.972194 73175.7
0.477862 14347.8
0.0222729 10125.9
0.0738238 10435.3
0.454797 14007.4
0.927244 42883.9
0.851204 28818.5
0.284354 12042.7
0.30556 12245.6
0.584522 16289.9
0.654299 18041.7
0.892051 34442.9
0.554371 15668
0.690067 19170.3
0.845325 28204.7
0.460535 14090
0.896055 35173.9
0.744207 21328
0.758491 22019.9
0.530043 15212.1
0.0650635 10380.8
0.68431 18975.3
0.253945 11767.5
0.703921 19663.6
0.90775 37585.4
0.636959 17557.7
0.056869 10330.6
0.0745054 10439.5
0.0564608 10328.1
0.871851 31312.2
0.489656 14531.1
0.0286548 10162.8
0.349713 12700.8
0.511929 14895.8
0.102479 10619.1
0.80451 24763.9
0.439173 13789.2
0.953683 55112.8
0.0888636 10530.6
0.744732 21352.4

0.538205 15360.9
0.743163 21279.8
0.636783 17553
0.092576 10554.5
0.43323 13708.7
0.482107 14413
0.553111 15643.5
0.329285 12484.4
0.226314 11532.1
0.311602 12305.2
0.859329 29731.6
0.291378 12108.8
0.995912 212289
0.113274 10690.7
0.995298 196423
0.903662 36690.7
0.750232 21612.4
0.0521674 10302.1
0.978167 83698.6
0.806693 24918.9
0.924018 41862.8
0.467823 14196.8
0.835348 27242.1
0.273731 11944.5
0.979752 87276.6
0.937826 46797.1
0.0782409 10463
0.418925 13520.2
0.891509 34347.3
0.167104 11069.2
0.163657 11043.8
0.429714 13661.7
0.910267 38167.5
0.80044 24482
0.52229 15074.5
0.343497 12633.8
0.282547 12025.8
0.0754011 10445.2
0.672782 18600.9
0.508861 14844.1
0.387003 13124.4
0.532111 15249.4
0.800239 24468.4
0.382915 13076
0.645385 17788.3
0.795537 24154.2
0.286577 12063.5
0.395617 13228
0.847705 28448.7
0.264745 11863.2
0.20231 11338
0.771723 22720.1
0.732568 20807.2
0.0376578 10215.5
0.0454541 10261.8
0.71232 19980.5
0.975484 78478.6
0.123695 10761.1
0.131244 10813
0.866993 30671.6
0.290799 12103.4
0.294901 12142.4
0.296707 12159.7
0.201067 11328.2
0.0953408 10572.4
0.818996 25846.1
0.544564 15479.7
0.377888 13017.2
0.894397 34866.1
0.217346 11458.5
0.886749 33537.6
0.281401 12015.2
0.749457 21575.2
0.686988 19065.3
0.664316 18338.8
0.394842 13218.6
0.482525 14419.5
0.950893 53351.3
0.790458 23827.1
0.33023 12494.2
0.215638 11444.6
0.992768 154636
0.101953 10615.6
0.948206 51795.1
0.0304262 10173.1
0.147407 10926.4
0.660526 18224.8
0.00591033 10033
0.271102 11920.6
0.79177 23910.4
0.872903 31456
0.561902 15817.1
0.0866714 10516.6
0.16961 11087.7
0.762968 22250
0.182012 11180.8
0.988606 120125
0.307532 12265
0.5599 15777.1
0.883004 32936.9

0.524878 15120
0.446649 13892.4
0.164405 11049.3
0.274335 11950
0.133637 10829.6
0.828721 26651.4
0.669177 18488.1
0.616163 17022.7
0.779615 23168.5
0.459635 14076.9
0.946393 50814.4
0.995253 195369
0.452404 13973.3
0.048346 10279.1
0.943459 49332
0.48283 14424.2
0.195753 11286.6
0.603984 16729.9
0.48874 14516.6
0.466855 14182.5
0.395754 13229.6
0.361644 12832.1
0.028757 10163.4
0.482426 14418
0.531254 15233.9
0.791725 23907.6
0.664438 18342.5
0.51986 15032
0.0992575 10598
0.224338 11515.8
0.402864 13316.9
0.624136 17222.4
0.670987 18544.5
0.567269 15925.8
0.898471 35636.5
0.804625 24772
0.39599 13232.5
0.567648 15933.6
0.420787 13544.3
0.175605 11132.5
0.0272838 10154.9
0.36718 12894.4
0.170857 11097
0.479688 14375.8
0.415526 13476.4
0.114316 10697.7
0.962518 61989.4
0.611279 16903.6
0.7183 20215
0.451258 13957.1
0.0781347 10462.3
0.114054 10695.9
0.812902 25375
0.106892 10648.2
0.59648 16556.3
0.344156 12640.9
0.898617 35664.9
0.260918 11829
0.864016 30296.7
0.997875 305314
0.485257 14462
0.26688 11882.4
0.622011 17168.5
0.156244 10989.8
0.834149 27132.5
0.520482 15042.9
0.960868 60524.2
0.230139 11563.9
0.0881301 10525.9
0.381656 13061.2
0.405744 13352.7
0.115414 10705.1
0.748836 21545.5
0.576601 16119.9
0.595102 16525
0.164362 11049
0.690917 19199.6
0.557619 15731.8
0.775641 22939.7
0.409217 13396.3
0.00887705 10049.7
0.853776 29099
0.523271 15091.7
0.821779 26069.5
0.960668 60352.4
0.119752 10734.3
0.165934 11060.6
0.859285 29726.5
0.38067 13049.6
0.0299502 10170.4
0.857159 29479.9
0.865927 30535.8
0.29683 12160.9
0.47917 14367.8
0.0221705 10125.3
0.130979 10811.2
0.999652 833848
0.983039 96302.2
0.361119 12826.3
0.0877818 10523.7

0.364695 12866.3
0.766862 22455.7
0.203196 11345
0.11353 10692.4
0.343464 12633.5
0.798297 24337.2
0.277892 11982.7
0.0343803 10196.3
0.355916 12768.6
0.0535336 10310.4
0.443597 13850
0.364793 12867.4
0.90731 37486
0.966868 66387.6
0.186572 11215.6
0.867977 30798.4
0.08662 10516.2
0.352506 12731.2
0.727262 20581.4
0.46729 14188.9
0.382457 13070.6
0.584421 16287.7
0.333217 12525.2
0.679287 18809.6
0.0635912 10371.8
0.355387 12762.8
0.810266 25178.6
0.0632429 10369.6
0.338426 12579.9
0.171385 11100.9
0.151025 10952.2
0.703121 19634.1
0.938247 46974.1
0.354221 12750
0.816651 25662
0.281711 12018
0.152518 10963
0.0945434 10567.3
0.316091 12350
0.508434 14836.9
0.148077 10931.2
0.759688 22080.8
0.873228 31500.7
0.0553866 10321.6
0.726557 20551.9
0.0597998 10348.5
0.923364 41663.8
0.813177 25395.7
0.412306 13435.4
0.650626 17936.1
0.280467 12006.5
0.794763 24103.5
0.235047 11605.1
0.613683 16962
0.47405 14290
0.298639 12178.3
0.96907 68973.3
0.284316 12042.3
0.361881 12834.8
0.307496 12264.6
0.455701 14020.3
0.512906 14912.4
0.0106171 10059.5
0.393948 13207.7
0.867127 30688.7
0.827268 26526.6
0.675659 18692.4
0.0196445 10110.8
0.921812 41202.2
0.991751 143729
0.528079 15176.9
0.0698885 10410.7
0.751439 21670.6
0.401306 13297.7
0.125275 10771.9
0.477996 14349.9
0.461106 14098.2
0.048639 10280.9
0.291173 12106.9
0.873412 31526.2
0.699265 19493.9
0.571639 16015.9
0.668175 18457
0.934312 45389.2
0.185323 11206
0.142225 10889.7
0.232951 11587.4
0.154393 10976.5
0.426541 13619.6
0.594832 16518.9
0.46189 14109.6
0.882242 32818.3
0.107738 10653.8
0.472507 14266.7
0.27619 11967
0.974865 77398.7
0.299775 12189.3
0.95185 53937.4
0.99451 180207
0.221587 11493.1

0.943601 49401
0.522588 15079.7
0.291475 12109.8
0.69504 19343.3
0.923895 41825
0.41675 13492.1
0.173036 11113.2
0.385001 13100.6
0.465389 14160.9
0.464208 14143.5
0.258413 11806.8
0.164654 11051.2
0.0358477 10204.9
0.926589 42670.8
0.0989663 10596
0.221171 11489.7
0.0688135 10404
0.331917 12511.7
0.375564 12990.3
0.495355 14622
0.926749 42722.7
0.837454 27437.6
0.377597 13013.8
0.0344874 10196.9
0.309961 12288.9
0.653787 18026.9
0.00935241 10052.3
0.609736 16866.4
0.605637 16768.8
0.00386199 10021.5
0.831323 26879
0.549238 15568.7
0.52645 15147.9
0.122798 10755
0.244277 11683.6
0.450345 13944.2
0.539549 15385.8
0.417313 13499.4
0.835346 27241.9
0.00493794 10027.5
0.881521 32707.2
0.0937589 10562.2
0.169592 11087.6
0.917369 39956.4
0.0203474 10114.9
0.268558 11897.5
0.138539 10863.8
0.089161 10532.5
0.600475 16648.1
0.514103 14932.8
0.584516 16289.7
0.527224 15161.7
0.351557 12720.8
0.962112 61620
0.561712 15813.3
0.661518 18254.5
0.615899 17016.2
0.571064 16003.9
0.271254 11921.9
0.221536 11492.7
0.574926 16084.5
0.102577 10619.7
0.770774 22667.8
0.101377 10611.8
0.225375 11524.3
0.015051 10084.6
0.551721 15616.5
0.764924 22352.6
0.432364 13697.1
0.387067 13125.1
0.769862 22617.8
0.313885 12327.9
0.480826 14393.3
0.939454 47491.8
0.231253 11573.2
0.501174 14716.5
0.208012 11383.3
0.369793 12924
0.590334 16417.9
0.808488 25048.4
0.883896 33077.2
0.17485 11126.8
0.335712 12551.4
0.235453 11608.5
0.136962 10852.7
0.897424 35433.9
0.896971 35347.3
0.752861 21739.8
0.468488 14206.7
0.168225 11077.5
0.974398 76610.6
0.0434146 10249.6
0.270803 11917.8
0.745172 21372.8
0.144791 10907.8
0.496178 14635.3
0.760223 22108.1
0.696513 19395.4
0.261102 11830.6
0.192586 11261.9

0.0835797 10496.8
0.0309635 10176.3
0.506471 14804.1
0.564406 15867.6
0.970417 70700.7
0.737725 21033.5
0.0655793 10384
0.17843 11153.7
0.107517 10652.3
0.655914 18088.7
0.986918 111246
0.991413 140563
0.830764 26829.6
0.32263 12416.1
0.226866 11536.7
0.967726 67361.9
0.220054 11480.6
0.123838 10762.1
0.720587 20306.8
0.688542 19118.1
0.292063 12115.4
0.694985 19341.4
0.731957 20780.9
0.562866 15836.5
0.440157 13802.7
0.876748 31997.4
0.0590435 10343.9
0.200379 11322.8
0.573261 16049.6
0.320145 12390.9
0.392965 13195.8
0.65684 18115.8
0.351109 12716
0.899437 35826.1
0.221246 11490.3
0.321526 12404.9
0.637161 17563.2
0.286825 12065.8
0.499956 14696.6
0.744678 21349.9
0.942739 48986.8
0.486873 14487.3
0.736092 20961.1
0.773503 22819.1
0.809503 25122.5
0.962958 62397.7
0.741229 21191.3
0.0295571 10168.1
0.0867955 10517.4
0.461816 14108.6
0.718099 20207
0.378859 13028.5
0.156801 10993.9
0.450056 13940.2
0.941724 48510.9
0.596958 16567.2
0.326804 12458.8
0.000767693 10004.3
0.797337 24273.1
0.900065 35951.1
0.320913 12398.7
0.190303 11244.3
0.556905 15717.8
0.672021 18577
0.0897392 10536.2
0.778152 23083.5
0.993547 164745
0.7269 20566.2
0.0649769 10380.3
0.493503 14592.3
0.471579 14252.8
0.00771607 10043.1
0.980376 88808.6
0.20767 11380.6
0.781219 23262.8
0.789879 23790.7
0.170628 11095.3
0.522448 15077.2
0.819437 25881.1
0.257423 11798.1
0.984264 100398
0.537536 15348.6
0.636282 17539.6
0.141065 10881.5
0.987592 114567
0.578006 16149.7
0.738023 21046.9
0.314397 12333.1
0.578774 16166
0.53536 15308.6
0.214462 11435.1
0.899687 35875.7
0.725663 20514.7
0.771367 22700.4
0.571708 16017.3
0.815402 25565.4
0.549519 15574.1
0.565256 15884.8
0.542303 15437.2
0.614496 16981.8

0.0587587 10342.1
0.0138811 10078
0.622212 17173.6
0.0391351 10224.3
0.221551 11492.9
0.403431 13323.9
0.829015 26676.8
0.392179 13186.4
0.925878 42443.2
0.648451 17874.3
0.649603 17907
0.910142 38138
0.185987 11211.1
0.285885 12057
0.0512077 10296.3
0.173579 11117.3
0.863891 30281.2
0.789231 23750
0.487976 14504.6
0.442665 13837.1
0.324591 12436.1
0.702437 19609
0.342352 12621.6
0.0502544 10290.6
0.473805 14286.3
0.91406 39094.3
0.865657 30501.7
0.0233231 10132
0.479315 14370.1
0.407959 13380.5
0.637819 17580.9
0.538074 15358.5
0.42184 13558
0.26003 11821.1
0.577209 16132.7
0.643391 17733
0.663461 18312.9
0.406224 13358.7
0.0355706 10203.3
0.589339 16395.8
0.0546747 10317.3
0.685173 19004.2
0.499481 14688.9
0.240662 11652.7
0.971058 71565.8
0.550689 15596.6
0.414241 13460
0.834949 27205.5
0.33992 12595.8
0.902217 36388.4
0.277614 11980.1
0.664511 18344.8
0.604654 16745.6
0.619965 17117.2
0.714766 20075.5
0.0784585 10464.4
0.534025 15284.2
0.580422 16201.3
0.101782 10614.5
0.0133406 10074.9
0.988382 118828
0.7396 21117.6
0.551415 15610.6
0.410222 13409
0.99963 806919
0.128624 10794.9
0.0536133 10310.9
0.663091 18301.8
0.534848 15299.2
0.0891839 10532.7
0.25243 11754.2
0.589522 16399.8
0.774357 22867.1
0.751912 21693.5
0.830184 26778.7
0.745415 21384.2
0.302601 12216.7
0.244425 11684.9
0.580364 16200
0.642521 17709
0.146641 10920.9
0.857978 29574.2
0.307032 12260.1
0.751295 21663.6
0.477943 14349.1
0.0217983 10123.2
0.829754 26741.1
0.0119682 10067.1
0.602221 16688.6
0.931535 44357
0.0253088 10143.4
0.590602 16423.8
0.671135 18549.1
0.576724 16122.4
0.000824207 10004.6
0.670766 18537.6
0.705347 19716.4
0.0544375 10315.9
0.333857 12531.9
0.240195 11648.7

0.143621 10899.5
0.586288 16328.5
0.829717 26737.9
0.917979 40121.2
0.338199 12577.5
0.659901 18206.2
0.663394 18310.9
0.6408 17661.8
0.904326 36831.9
0.243758 11679.1
0.283321 12033
0.0509667 10294.9
0.101735 10614.2
0.590354 16418.3
0.802262 24607.1
0.579678 16185.3
0.612152 16924.7
0.632015 17426.3
0.591647 16447.2
0.214373 11434.4
0.56355 15850.3
0.616955 17042.3
0.804975 24796.7
0.234686 11602
0.193679 11270.4
0.805799 24855.1
0.905452 37075
0.899026 35745.2
0.860237 29838.8
0.239309 11641.1
0.139221 10868.5
0.00385829 10021.5
0.825596 26385.1
0.968939 68810.4
0.921837 41209.6
0.163796 11044.8
0.62884 17343.3
0.58523 16305.3
0.804596 24770
0.533165 15268.6
0.828988 26674.5
0.0879172 10524.5
0.584132 16281.4
0.930723 44067.5
0.678271 18776.6
0.386394 13117.1
0.510402 14870
0.290423 12099.8
0.0184091 10103.8
0.102048 10616.2
0.504796 14776.3
0.58196 16234.3
0.719004 20243.1
0.309771 12287.1
0.816645 25661.5
0.912683 38750.5
0.115571 10706.1
0.722097 20368
0.811709 25285.5
0.975807 79059.5
0.961406 60991.3
0.95093 53373.4
0.979666 87070.8
0.787003 23611.6
0.919869 40644.2
0.901503 36241.7
0.950798 53294
0.548708 15558.5
0.486733 14485.1
0.755394 21864.6
0.0818735 10486
0.315721 12346.3
0.843312 28002.8
0.666005 18390.3
0.246445 11702.2
0.521583 15062.1
0.0523992 10303.5
0.756846 21937
0.812006 25307.7
0.0708083 10416.4
0.858895 29680.8
0.316802 12357.2
0.652768 17997.5
0.577898 16147.4
0.626573 17284.8
0.469413 14220.4
0.490581 14545.7
0.742143 21233
0.191511 11253.6
0.30229 12213.7
0.717951 20201.1
0.152917 10965.8
0.25322 11761.1
0.697616 19434.7
0.93992 47696
0.173089 11113.6
0.599119 16616.8
0.890718 34208.9
0.721797 20355.8
0.0858521 10511.3

0.646113 17808.6
0.80367 24705
0.401573 13301
0.489424 14527.4
0.469676 14224.4
0.648018 17862.1
0.0110069 10061.7
0.522075 15070.7
0.404864 13341.8
0.823013 26170.4
0.592883 16474.9
0.263759 11854.3
0.139814 10872.7
0.245651 11695.4
0.841657 27839.9
0.766387 22430.3
0.715065 20087.2
0.332238 12515
0.50853 14838.5
0.906575 37322.1
0.634528 17492.8
0.226481 11533.5
0.0594924 10346.6
0.887748 33703
0.924097 41886.9
0.999412 623401
0.0608362 10354.8
0.523216 15090.7
0.89013 34107.1
0.782633 23346.7
0.609068 16850.4
0.536243 15324.8
0.586303 16328.8
0.0106416 10059.6
0.0256669 10145.5
0.0559791 10325.2
0.658659 18169.4
0.0366738 10209.7
0.578054 16150.7
0.0635237 10371.3
0.859686 29773.7
0.170937 11097.6
0.327283 12463.7
0.9995 682445
0.416589 13490.1
0.16894 11082.8
0.765887 22403.7
0.131653 10815.8
0.501178 14716.6
0.274417 11950.8
0.0382287 10218.9
0.135705 10844
0.500898 14712
0.0977211 10587.9
0.0234531 10132.7
0.424995 13599.3
0.0971331 10584.1
0.0842894 10501.4
0.948211 51797.9
0.987263 112913
0.866922 30662.5
0.557279 15725.1
0.523506 15095.8
0.453226 13985
0.567921 15939.1
0.549173 15567.4
0.509205 14849.8
0.22658 11534.3
0.585846 16318.8
0.0872588 10520.3
0.290104 12096.8
0.445533 13876.9
0.258196 11804.9
0.617387 17053
0.445033 13869.9
0.674785 18664.5
0.786326 23570
0.21092 11406.6
0.806438 24900.7
0.287504 12072.2
0.485337 14463.2
0.844667 28138.3
0.423209 13575.9
0.986235 108147
0.942388 48820.6
0.446662 13892.6
0.41123 13421.7
0.039521 10226.5
0.530952 15228.5
0.359441 12807.6
0.0267842 10152
0.397874 13255.5
0.91672 39783.3
0.55029 15588.9
0.8511 28807.3
0.484641 14452.4
0.0994628 10599.3
0.360305 12817.2
0.711222 19938.2
0.685309 19008.7

0.447564 13905.2
0.00132573 10007.4
0.130842 10810.2
0.70576 19731.7
0.618712 17085.9
0.575875 16104.5
0.380544 13048.2
0.405038 13343.9
0.786796 23598.9
0.186983 11218.8
0.692542 19255.9
0.272133 11929.9
0.0316495 10180.3
0.115752 10707.3
0.258368 11806.4
0.974037 76018.1
0.562414 15827.4
0.669598 18501.2
0.0135584 10076.1
0.0933659 10559.6
0.0290395 10165.1
0.0403427 10231.4
0.49124 14556.2
0.94576 50484.2
0.590633 16424.5
0.34234 12621.5
0.430401 13670.8
0.690096 19171.3
0.702645 19616.6
0.141623 10885.4
0.375405 12988.4
0.150208 10946.4
0.142949 10894.8
0.506247 14800.4
0.855968 29344.2
0.761661 22182.1
0.0821224 10487.6
0.236512 11617.4
0.166699 11066.2
0.868918 30921
0.423495 13579.6
0.859242 29721.4
0.141051 10881.4
0.455145 14012.3
0.974993 77618.9
0.39942 13274.4
0.429182 13654.6
0.537407 15346.2
0.0690179 10405.3
0.44274 13838.2
0.630773 17393.7
0.0980574 10590.1
0.483083 14428.2
0.122013 10749.7
0.0438174 10252
0.0737159 10434.6
0.464353 14145.7
0.474219 14292.5
0.763811 22294.1
0.166998 11068.4
0.615842 17014.8
0.139216 10868.5
0.317206 12361.2
0.75879 22035.1
0.645464 17790.5
0.173174 11114.3
0.520451 15042.3
0.727586 20595
0.409687 13402.2
0.687151 19070.8
0.596504 16556.9
0.833182 27045
0.546393 15514.3
0.737555 21026
0.288326 12080
0.521386 15058.6
0.136975 10852.8
0.717508 20183.5
0.0587931 10342.4
0.205993 11367.2
0.160248 11018.9
0.689566 19153.1
0.30405 12230.9
0.643331 17731.3
0.811579 25275.9
0.347868 12680.8
0.717047 20165.2
0.275933 11964.7
0.822086 26094.6
0.480859 14393.8
0.442931 13840.8
0.437928 13772.2
0.620075 17119.9
0.760137 22103.7
0.196719 11294.1
0.265539 11870.3
0.933311 45009.4
0.71717 20170.1
0.993125 159040
0.342998 12628.5

0.404321 13335
0.589629 16402.2
0.176179 11136.8
0.950714 53242.9
0.327184 12462.7
0.464505 14147.9
0.472099 14260.6
0.464159 14142.8
0.182014 11180.8
0.530892 15227.4
0.670152 18518.4
0.342262 12620.6
0.220459 11483.9
0.974202 76287.4
0.985593 105444
0.0320382 10182.5
0.32207 12410.4
0.702641 19616.5
0.307971 12269.3
0.144156 10903.3
0.1835 11192.1
0.750902 21644.6
0.582084 16237
0.803575 24698.4
0.511039 14880.8
0.778803 23121.2
0.0691138 10405.9
0.44435 13860.4
0.495973 14632
0.0622386 10363.4
0.787347 23632.8
0.900294 35996.9
0.651868 17971.6
0.963527 62936.4
0.851007 28797.4
0.979052 85643.6
0.428032 13639.3
0.323107 12421
0.443211 13844.7
0.610046 16873.9
0.853999 29123.7
0.113363 10691.3
0.952308 54224.3
0.0744578 10439.2
0.0875648 10522.3
0.937901 46828.3
0.106496 10645.6
0.409635 13401.5
0.640542 17654.8
0.414467 13462.9
0.553791 15656.7
0.824041 26255.3
0.165369 11056.4
0.135875 10845.1
0.627616 17311.7
0.676407 18716.4
0.914678 39251.3
0.69673 19403.2
0.120757 10741.1
0.410651 13414.4
0.758969 22044.1
0.908104 37665.7
0.310944 12298.7
0.410836 13416.7
0.871631 31282.3
0.161952 11031.3
0.389888 13158.8
0.299663 12188.2
0.485059 14458.9
0.833099 27037.5
0.909708 38036
0.339058 12586.6
0.946461 50850.6
0.862016 30051.9
0.413516 13450.7
0.0340263 10194.2
0.799917 24446.5
0.520012 15034.7
0.443661 13850.9
0.440458 13806.8
0.934478 45453.2
0.997451 276023
0.2645 11861
0.0998469 10601.8
0.133326 10827.4
0.892116 34454.5
0.776254 22974.5
0.048004 10277.1
0.588846 16384.8
0.897011 35354.8
0.458655 14062.7
0.347815 12680.2
0.805115 24806.6
0.769599 22603.5
0.758651 22028
0.676745 18727.3
0.931551 44362.6
0.148539 10934.5
0.976408 80170.6
0.416609 13490.3

0.981637 92147
0.886116 33433.9
0.755667 21878.1
0.928099 43166.5
0.748131 21512
0.169183 11084.6
0.962125 61631.8
0.548048 15545.9
0.689194 19140.4
0.405786 13353.3
0.988506 119543
0.623672 17210.6
0.403238 13321.5
0.253006 11759.2
0.723519 20426.1
0.536564 15330.7
0.145122 10910.2
0.499773 14693.6
0.584568 16290.9
0.733968 20868
0.396784 13242.2
0.0432225 10248.5
0.0817827 10485.4
0.201899 11334.8
0.812821 25368.9
0.840433 27721.1
0.878644 32274.1
0.744372 21335.7
0.988972 122322
0.855051 29241
0.160982 11024.3
0.97061 70957.3
0.741167 21188.5
0.916649 39764.2
0.898709 35682.9
0.489298 14525.4
0.0858311 10511.2
0.860834 29909.9
0.0373466 10213.7
0.775025 22904.7
0.26662 11880
0.0258531 10146.6
0.398698 13265.6
0.669857 18509.2
0.278859 11991.6
0.122217 10751.1
0.206421 11370.6
0.423981 13586
0.62199 17168
0.790989 23860.7
0.157949 11002.2
0.0187743 10105.8
0.834212 27138.2
0.239732 11644.7
0.220673 11485.7
0.647033 17834.4
0.0801656 10475.2
0.0993164 10598.3
0.391405 13177
0.0691378 10406
0.954368 55571
0.552387 15629.4
0.0397475 10227.9
0.695535 19360.8
0.469035 14214.8
0.938456 47062.5
0.184833 11202.3
0.554866 15677.7
0.79929 24404
0.22218 11498
0.329892 12490.7
0.0659098 10386.1
0.248033 11716
0.728589 20637.2
0.735767 20946.8
0.526892 15155.8
0.850806 28775.8
0.942188 48727
0.950873 53339.1
0.472796 14271.1
0.733178 20833.6
0.108823 10661
0.491571 14561.5
0.567389 15928.2
0.348555 12688.2
0.712244 19977.5
0.214422 11434.8
0.42872 13648.5
0.81156 25274.4
0.605827 16773.3
0.497858 14662.5
0.765928 22405.8
0.158214 11004.1
0.537606 15349.9
0.461462 14103.4
0.62725 17302.2
0.476062 14320.4
0.646295 17813.7
0.182116 11181.6
0.275352 11959.3

0.868475 30863.1
0.512008 14897.2
0.341262 12610
0.116508 10712.4
0.240597 11652.1
0.0770289 10455.4
0.6434 17733.2
0.0914027 10547
0.0192173 10108.4
0.594273 16506.2
0.564199 15863.4
0.752395 21717
0.703096 19633.2
0.0557698 10323.9
0.319784 12387.2
0.0516508 10299
0.768013 22517.5
0.534206 15287.5
0.480371 14386.3
0.579573 16183.1
0.140033 10874.2
0.978229 83831
0.345501 12655.3
0.298248 12174.6
0.515835 14962.5
0.806963 24938.3
0.925497 42322.4
0.991897 145164
0.453259 13985.5
0.107613 10653
0.267249 11885.7
0.321734 12407
0.619621 17108.5
0.60851 16837.1
0.438242 13776.5
0.860217 29836.5
0.685539 19016.5
0.0816417 10484.5
0.95162 53794.9
0.704757 19694.5
0.675915 18700.6
0.515819 14962.2
0.457151 14041.1
0.379011 13030.3
0.571589 16014.8
0.776935 23013.5
0.430662 13674.3
0.339602 12592.4
0.311141 12300.6
0.911033 38349.7
0.919176 40450.2
0.451175 13955.9
0.889262 33958.4
0.264676 11862.6
0.749422 21573.5
0.405098 13344.7
0.0716397 10421.6
0.674919 18668.8
0.396995 13244.7
0.524898 15120.4
0.782533 23340.7
0.664243 18336.6
0.846632 28338
0.402153 13308.1
0.272754 11935.6
0.284874 12047.5
0.262371 11842
0.958293 58418.4
0.366516 12886.8
0.213991 11431.3
0.663049 18300.5
0.0424307 10243.8
0.72981 20689
0.120201 10737.4
0.421442 13552.8
0.301399 12205
0.897136 35378.8
0.852104 28915.8
0.641001 17667.3
0.208278 11385.4
0.763137 22258.8
0.560176 15782.6
0.659452 18192.9
0.652399 17986.8
0.824853 26322.8
0.408875 13392
0.0574968 10334.4
0.896493 35256.4
0.083794 10498.2
0.454491 14003
0.421391 13552.1
0.866327 30586.6
0.118735 10727.4
0.268023 11892.7
0.26848 11896.8
0.391488 13178
0.552897 15639.3
0.530851 15226.7
0.349781 12701.5
0.919413 40516.2

0.744841 21357.5
0.0128304 10072
0.961843 61378.3
0.474651 14299
0.133031 10825.4
0.383285 13080.4
0.77605 22962.9
0.0301674 10171.6
0.235388 11607.9
0.417051 13496
0.238445 11633.8
0.998525 374031
0.977227 81761.4
0.897897 35525
0.650924 17944.6
0.80208 24594.6
0.306772 12257.5
0.708421 19831.6
0.698573 19469
0.390566 13166.9
0.162912 11038.4
0.119964 10735.8
0.256892 11793.4
0.281647 12017.4
0.387987 13136.1
0.525373 15128.8
0.673135 18612.1
0.940884 48126.6
0.0562232 10326.7
0.022916 10129.6
0.860296 29845.9
0.801065 24524.7
0.0357464 10204.3
0.822139 26098.9
0.275716 11962.7
0.168778 11081.6
0.205424 11362.7
0.0517661 10299.7
0.198945 11311.5
0.440813 13811.7
0.468817 14211.6
0.43739 13764.9
0.439338 13791.5
0.446045 13884
0.335287 12546.9
0.0902622 10539.6
0.248125 11716.8
0.642059 17696.3
0.798683 24363.1
0.946698 50975.8
0.032625 10186
0.961596 61158.2
0.0666617 10390.7
0.289518 12091.2
0.243243 11674.7
0.454649 14005.2
0.81489 25526
0.916378 39692.6
0.395532 13226.9
0.871113 31212.5
0.939294 47422.1
0.255829 11784
0.672178 18581.9
0.97504 77699.6
0.0779679 10461.3
0.947894 51622.6
0.143818 10900.9
0.283392 12033.7
0.99966 845374
0.342763 12626
0.724205 20454.3
0.468477 14206.5
0.780153 23200
0.163543 11043
0.914522 39211.5
0.11544 10705.2
0.253805 11766.2
0.162647 11036.4
0.757499 21969.8
0.0524885 10304.1
0.109345 10664.5
0.790125 23806.1
0.0140841 10079.1
0.176006 11135.5
0.079642 10471.9
0.257327 11797.2
0.630655 17390.6
0.894532 34890.8
0.173704 11118.2
0.0261872 10148.5
0.765645 22390.8
0.112998 10688.8
0.282016 12020.9
0.437823 13770.8
0.0880377 10525.3
0.359984 12813.6
0.385717 13109.1
0.231855 11578.2
0.643376 17732.6
0.385378 13105.1

0.574618 16078.1
0.367581 12898.9
0.853855 29107.7
0.354771 12756
0.531124 15231.6
0.768377 22537.1
0.470211 14232.3
0.784929 23484.8
0.931024 44174
0.227711 11543.7
0.837417 27434.2
0.0403683 10231.6
0.0178355 10100.5
0.851501 28850.6
0.216375 11450.6
0.0974775 10586.3
0.108828 10661
0.84703 28378.9
0.99201 146297
0.282532 12025.7
0.873217 31499.2
0.757655 21977.6
0.39553 13226.9
0.155233 10982.5
0.195478 11284.4
0.483568 14435.7
0.515216 14951.9
0.581196 16217.9
0.715423 20101.2
0.158592 11006.8
0.966573 66061.2
0.290041 12096.2
0.526173 15143
0.820428 25960.4
0.644812 17772.4
0.0572967 10333.2
0.588805 16383.9
0.115024 10702.4
0.842226 27895.6
0.519828 15031.5
0.342735 12625.7
0.679643 18821.2
0.560197 15783
0.36057 12820.1
0.531144 15232
0.776571 22992.7
0.458048 14054
0.639973 17639.3
0.623601 17208.8
0.450057 13940.2
0.922505 41406.6
0.496818 14645.6
0.207712 11380.9
0.318035 12369.6
0.652051 17976.8
0.403191 13321
0.801603 24561.7
0.167267 11070.4
0.984386 100833
0.517026 14983
0.325859 12449.1
0.950959 53391
0.807067 24945.7
0.852032 28908
0.771387 22701.5
0.451879 13965.9
0.909329 37947.5
0.360192 12815.9
0.566903 15918.3
0.751554 21676.2
0.88002 32479.3
0.909638 38019.7
0.431197 13681.5
0.440217 13803.5
0.270209 11912.4
0.962342 61828.4
0.216789 11454
0.728256 20623.2
0.602314 16690.8
0.84039 27716.9
0.178314 11152.8
0.524819 15119
0.337208 12567.1
0.386026 13112.8
0.842854 27957.5
0.989258 124122
0.789217 23749.1
0.644457 17762.5
0.156525 10991.9
0.773603 22824.7
0.161482 11027.9
0.482384 14417.3
0.724562 20469.1
0.968549 68336.1
0.334416 12537.8
0.495949 14631.6
0.420429 13539.6
0.243745 11679
0.856141 29363.9
0.987332 113253

0.995299 196430
0.736162 20964.2
0.89697 35347.1
0.426496 13619
0.176379 11138.3
0.167179 11069.8
0.388838 13146.2
0.393168 13198.3
0.895435 35057.9
0.991152 138240
0.233557 11592.5
0.073749 10434.8
0.515971 14964.8
0.570765 15997.7
0.459775 14078.9
0.358825 12800.7
0.560023 15779.5
0.248992 11724.3
0.00328197 10018.3
0.716548 20145.5
0.0225948 10127.8
0.164764 11052
0.198933 11311.4
0.747157 21465.9
0.133314 10827.3
0.533348 15271.9
0.243106 11673.5
0.553743 15655.8
0.777093 23022.5
0.0992475 10597.9
0.541075 15414.2
0.772392 22757.1
0.835409 27247.7
0.438045 13773.8
0.198887 11311.1
0.0117881 10066.1
0.605223 16759
0.587725 16360.1
0.404956 13342.9
0.500659 14708.1
0.578877 16168.2
0.638513 17599.6
0.574408 16073.6
0.0948478 10569.2
0.209278 11393.4
0.0341828 10195.1
0.453673 13991.3
0.769301 22587.3
0.283175 12031.7
0.456955 14038.3
0.48585 14471.2
0.30577 12247.7
0.621719 17161.2
0.684782 18991.1
0.0529265 10306.7
0.755033 21846.7
0.218131 11464.9
0.296033 12153.3
0.308776 12277.2
0.995223 194706
0.39528 13223.9
0.84985 28673.9
0.767615 22496.1
0.230689 11568.5
0.287895 12075.9
0.966503 65983.9
0.242477 11668.2
0.893119 34633.7
0.554228 15665.2
0.647433 17845.7
0.393777 13205.7
0.133104 10825.9
0.285946 12057.6
0.968185 67900
0.227952 11545.7
0.495224 14619.9
0.00236773 10013.2
0.681625 18886.2
0.264525 11861.2
0.285543 12053.8
0.13858 10864
0.750374 21619.2
0.591312 16439.7
0.7603 22112
0.435157 13734.7
0.644239 17756.5
0.515333 14953.9
0.653287 18012.4
0.940271 47851.8
0.824109 26260.8
0.648511 17876
0.335551 12549.7
0.673959 18638.2
0.416126 13484.1
0.566241 15904.8
0.961854 61388.2
0.382628 13072.6
0.808718 25065.2
0.854973 29232.2
0.936856 46396.1

0.456151 14026.7
0.24875 11722.2
0.0699601 10411.2
0.742097 21230.9
0.216935 11455.2
0.297912 12171.3
0.237321 11624.3
0.219303 11474.4
0.979537 86767
0.501846 14727.6
0.504845 14777.1
0.118118 10723.3
0.252221 11752.4
0.0961575 10577.7
0.878417 32240.7
0.687377 19078.5
0.740396 21153.5
0.39375 13205.3
0.340664 12603.7
0.680667 18854.7
0.217858 11462.7
0.989175 123589
0.0162189 10091.3
0.891817 34401.6
0.405301 13347.2
0.58246 16245.1
0.853671 29087.5
0.787929 23668.8
0.391178 13174.3
0.708644 19840
0.724785 20478.2
0.84733 28409.9
0.957394 57730.8
0.794745 24102.3
0.589427 16397.7
0.17433 11122.9
0.0926569 10555
0.826748 26482.4
0.393632 13203.9
0.0721944 10425.1
0.328595 12477.3
0.898478 35637.7
0.190312 11244.4
0.580815 16209.7
0.994635 182537
0.0687289 10403.5
0.268192 11894.2
0.735031 20914.5
0.462479 14118.2
0.608857 16845.4
0.415699 13478.6
0.680337 18843.9
0.598032 16591.8
0.431918 13691.1
0.572154 16026.6
0.00333222 10018.6
0.0143773 10080.8
0.425826 13610.2
0.791261 23878
0.405555 13350.4
0.13447 10835.4
0.516045 14966.1
0.252885 11758.2
0.0918645 10549.9
0.31079 12297.2
0.842312 27904.1
0.266194 11876.2
0.403447 13324.1
0.66906 18484.4
0.659826 18204
0.475641 14314
0.997655 289074
0.558304 15745.4
0.665953 18388.7
0.57847 16159.5
0.552939 15640.1
0.734682 20899.2
0.846663 28341.2
0.28797 12076.6
0.197161 11297.5
0.455519 14017.7
0.703669 19654.3
0.877498 32106
0.0535511 10310.5
0.135586 10843.1
0.449652 13934.5
0.0568833 10330.7
0.149964 10944.6
0.875478 31815.7
0.848144 28494.5
0.555519 15690.5
0.00994797 10055.7
0.36419 12860.6
0.808404 25042.3
0.101812 10614.7
0.67498 18670.7
0.650716 17938.6
0.368006 12903.7
0.078427 10464.2
0.319776 12387.1

0.0278327 10158.1
0.554068 15662.1
0.317431 12363.5
0.586137 16325.2
0.220022 11480.3
0.895901 35145
0.139076 10867.5
0.954704 55799.8
0.742564 21252.3
0.427046 13626.3
0.151865 10958.3
0.198083 11304.8
0.130715 10809.3
0.0293628 10166.9
0.251634 11747.3
0.266301 11877.1
0.479015 14365.5
0.308517 12274.7
0.416264 13485.9
0.354493 12752.9
0.156662 10992.8
0.971783 72582.1
0.364441 12863.5
0.520852 15049.3
0.780187 23202
0.466253 14173.6
0.195831 11287.2
0.430903 13677.5
0.83426 27142.6
0.274258 11949.3
0.750679 21633.9
0.862092 30061.2
0.828327 26617.4
0.0681104 10399.7
0.448229 13914.5
0.0483486 10279.1
0.964012 63406.1
0.587305 16350.8
0.00305258 10017
0.706575 19762.2
0.0143505 10080.6
0.154917 10980.2
0.904658 36903.3
0.145065 10909.8
0.18428 11198.1
0.156293 10990.2
0.411366 13423.4
0.663295 18307.9
0.46481 14152.4
0.82763 26557.6
0.017788 10100.2
0.621472 17155
0.799414 24412.4
0.382229 13067.9
0.142323 10890.4
0.579601 16183.7
0.848482 28529.7
0.338155 12577.1
0.0105039 10058.8
0.682742 18923.1
0.612413 16931.1
0.761183 22157.4
0.544834 15484.8
0.44074 13810.7
0.829294 26701
0.993064 158258
0.489089 14522.1
0.793305 24008.9
0.580368 16200.1
0.492141 14570.6
0.499881 14695.4
0.594719 16516.3
0.647059 17835.1
0.404539 13337.7
0.739784 21125.8
0.831339 26880.4
0.560831 15795.7
0.151149 10953.1
0.494634 14610.4
0.0256415 10145.4
0.97878 85031.8
0.512422 14904.2
0.647113 17836.7
0.778193 23085.9
0.894651 34912.7
0.789437 23762.8
0.357794 12789.3
0.743133 21278.5
0.127591 10787.8
0.368298 12907
0.425875 13610.9
0.740005 21135.8
0.129481 10800.8
0.97071 71091.8
0.180745 11171.2
0.958775 58797
0.963773 63174.1
0.669833 18508.5
0.75208 21701.7
0.544142 15471.7

