0,1.88137e+06,-4.99947e+07,355801,0.429164,13.8123,18.7116,-16.3015,0.486324,0.658826,-0.573967,9.05793,939.995
0,8.74944e+06,-4.9995e+07,1.32016e+06,269.845,225.477,-727.353,3.12837,0.296093,-0.95515,0.00410813,188.764,1209.41
0,589572,-4.9995e+07,5.86327e+06,157.71,218.502,-522.929,-5.73356,0.385521,-0.922644,-0.0101162,154.845,1097.28
0,1.36862e+06,-4.9995e+07,223200,1417.05,430.658,-2117.86,-8.80532,0.199266,-0.979937,-0.00407423,274.927,2356.62
0,1.2305e+06,-4.9995e+07,-2.02583e+06,161.106,97.926,-545.222,-147.776,0.170805,-0.950993,-0.257755,156.156,1100.67
0,93704,-4.9995e+07,3.47341e+06,174.357,115.492,-357.513,465.711,0.193012,-0.597483,0.778306,161.032,1113.92
0,344912,-4.9995e+07,912697,147.015,3.21597,-541.598,67.34,0.00589245,-0.992342,0.123384,150.579,1086.58
0,1.50753e+06,-4.99946e+07,996950,0.0392661,2.10637,-3.4545,7.57741,0.245213,-0.402155,0.882123,2.74074,939.605
0,-1.90667e+06,-4.9995e+07,-563511,112.666,-116.969,-402.549,-220.638,-0.246916,-0.849765,-0.465759,134.966,1052.23
0,-1.71903e+06,-4.9995e+07,-1.2077e+06,3.81618e-06,0.0219529,0.0655178,-0.048955,0.259238,0.773689,-0.578101,0.0270201,939.565
0,1.5245e+06,-4.99949e+07,-608783,0.000729748,0.632016,0.878457,-0.447394,0.539713,0.750163,-0.382054,0.373644,939.566
0,7.72638e+06,-4.9995e+07,-3.72108e+06,136.306,113.7,-505.116,81.5233,0.21693,-0.963716,0.155539,146.047,1075.87
0,-4.48636e+06,-4.9995e+07,-3.51208e+06,213.881,-474.103,-457.86,115.088,-0.708599,-0.684324,0.172012,173.893,1153.45
0,263895,-4.9995e+07,-3.96698e+06,264.633,-105.293,-736.53,-117.253,-0.139795,-0.977867,-0.155673,187.506,1204.2
0,147176,-4.99945e+07,-4.51958e+06,2.03719e-05,0.132079,-0.108912,0.0947354,0.675055,-0.556649,0.484192,0.0624292,939.565
0,-127219,-4.99954e+07,-325806,4.63333e-06,-0.0624422,-0.05245,-0.0453498,-0.669195,-0.562109,-0.486016,0.0297727,939.565
0,-107179,-4.99954e+07,-2.91951e+06,3.52554e-05,-0.0249845,-0.209542,0.147369,-0.0970687,-0.814102,0.572552,0.0821268,939.565
0,-2.37777e+06,-4.9995e+07,2.76111e+06,277.923,-240.715,-486.012,552.58,-0.310893,-0.627703,0.713677,190.653,1217.49
0,-1.95045e+06,-4.99954e+07,7.23491e+06,0.000115131,0.30623,-0.306224,-0.169694,0.658374,-0.658363,-0.364831,0.148412,939.565
0,1.99459e+06,-4.9995e+07,-598748,367.843,261.994,-868.319,-62.5631,0.288178,-0.955101,-0.0688158,208.459,1307.41
0,-2.72721e+06,-4.99953e+07,-542026,3.82271e-05,-0.138638,0.186203,-0.133947,-0.517271,0.694738,-0.499769,0.0855181,939.565
0,-3.14641e+06,-4.9995e+07,-925708,235.175,-290.601,-616.386,-181.248,-0.412115,-0.874125,-0.257036,179.947,1174.74
0,-1.79778e+06,-4.9995e+07,-975228,580.528,-334.039,-1146.41,45.5178,-0.279543,-0.959377,0.0380918,235.66,1520.09
0,1.19095e+06,-4.9995e+07,3.7074e+06,244.188,-71.9591,-689.254,195.546,-0.0999347,-0.957217,0.271568,182.357,1183.75
0,1.41804e+06,-4.9995e+07,-833807,169.319,70.4156,-580.607,69.1299,0.119565,-0.985863,0.117382,159.214,1108.88
0,27568.3,-4.9995e+07,660742,0.0759036,-2.92132,8.06097,-8.31416,-0.244602,0.674945,-0.696146,3.81046,939.641
0,2.06869e+06,-4.99951e+07,-541446,0.107927,7.54642,11.6978,-3.00565,0.529888,0.821387,-0.211048,4.54348,939.673
0,-432585,-4.9995e+07,349097,1344.55,-648.159,-1929.69,436.55,-0.311328,-0.92688,0.209687,273.25,2284.11
0,1.61548e+06,-4.99951e+07,-2.82958e+06,0.0108921,-0.762879,-4.4567,-0.153464,-0.168625,-0.985096,-0.0339212,1.44352,939.576
0,789622,-4.9995e+07,990267,188.614,-163.113,-595.926,90.9445,-0.261188,-0.95424,0.145627,165.948,1128.18
0,3.7308e+06,-4.99952e+07,-1.27622e+06,6.58469e-07,0.00929495,0.0310535,0.0136615,0.264241,0.882803,0.388375,0.0112238,939.565
0,2.05087e+06,-4.9995e+07,-880971,183.982,301.973,-495.626,-206.741,0.490139,-0.804462,-0.335567,164.388,1123.55
0,-2.23716e+06,-4.9995e+07,4.41426e+06,120.116,-104.375,-478.634,-12.5633,-0.212992,-0.976718,-0.0256371,138.635,1059.68
0,-2.23473e+06,-4.99946e+07,3.13868e+06,0.00180256,0.091975,1.33266,1.26602,0.0499743,0.724093,0.687889,0.587241,939.567
0,-276373,-4.9995e+07,-1.68935e+06,41.5564,-54.1437,-268.998,-67.272,-0.191647,-0.952141,-0.238115,86.3264,981.122
0,1.27461e+06,-4.9995e+07,332812,400.848,486.622,-803.138,179.145,0.509022,-0.840108,0.187391,213.807,1340.41
0,-243358,-4.9995e+07,99791.8,5638.62,-354.775,-6500.32,-98.2143,-0.0544907,-0.9984,-0.015085,296.717,6578.18
0,-1.48232e+06,-4.9995e+07,-854196,142.833,-251.502,-473.208,-40.2997,-0.467995,-0.880544,-0.0749896,148.84,1082.4
0,-2.41557e+06,-4.99949e+07,-2.33464e+06,3.23485e-08,0.000889944,0.00733897,-0.00247679,0.114145,0.941304,-0.317676,0.00248771,939.565
0,-2.42333e+06,-4.99952e+07,-2.33035e+06,2.96251e-08,0.00310131,0.00650894,-0.00191964,0.415659,0.872372,-0.257283,0.00238069,939.565
0,610952,-4.99951e+07,-943580,0.0389138,5.66827,-6.39207,0.371272,0.66285,-0.747492,0.0434168,2.72842,939.604
0,-817605,-4.9995e+07,1.00551e+06,290.044,-324.008,-708.084,150.966,-0.408486,-0.892701,0.190327,193.383,1229.61
0,2.99114e+06,-4.9995e+07,2.21459e+06,65.857,-181.17,-308.259,15.6563,-0.506206,-0.861303,0.0437451,106.713,1005.42
0,3.42387e+06,-4.9995e+07,-749965,193.788,124.077,-603.556,-148.428,0.195766,-0.952277,-0.234187,167.647,1133.35
0,-3.00295e+06,-4.9995e+07,-1.3409e+06,146.762,-202.494,-489.646,-128.71,-0.371361,-0.897983,-0.236047,150.476,1086.33
0,1.46586e+06,-4.99952e+07,3.05794e+06,0.0120653,3.53019,1.23957,-2.94511,0.741394,0.260328,-0.618518,1.51928,939.577
0,1.53039e+06,-4.9995e+07,3.07847e+06,0.000620751,-0.890813,0.324539,0.517301,-0.824801,0.300489,0.478967,0.344612,939.566
0,974419,-4.99951e+07,3.98046e+06,1.43562e-06,-0.0208204,-0.0301309,-0.0368288,-0.400858,-0.580115,-0.709069,0.0165727,939.565
0,592485,-4.99951e+07,-1.16913e+06,1.84552e-06,-0.0169423,-0.00267037,0.0563366,-0.287696,-0.0453453,0.956648,0.0187902,939.565
0,573754,-4.99953e+07,-1.28974e+06,3.61903e-07,-0.0112923,-0.0234903,0.000869038,-0.43302,-0.900768,0.0333245,0.00832087,939.565
0,-3.45023e+06,-4.99945e+07,985478,6.45385e-07,-0.0122647,0.00909887,-0.0312978,-0.352182,0.261276,-0.898723,0.0111117,939.565
0,-135.891,-4.99952e+07,-1.09704e+06,0.199452,-0.92853,17.627,7.95385,-0.0479595,0.910452,0.410824,6.17604,939.765
0,1.63223e+06,-4.99948e+07,1.3158e+06,9.86946e-05,-0.303323,0.199563,0.231581,-0.704336,0.463399,0.537748,0.13741,939.565
0,-592551,-4.99954e+07,-296894,0.000154039,0.27498,0.246859,-0.391031,0.511103,0.458834,-0.726805,0.171667,939.566
0,-2.45414e+06,-4.9995e+07,111084,126.929,-348.347,-337.86,138.316,-0.690336,-0.669554,0.274107,141.839,1066.49
0,-107689,-4.9995e+07,-511151,448.48,340.606,-952.784,-141.691,0.333369,-0.932541,-0.138681,220.663,1388.05
0,110381,-4.99954e+07,1.27739e+06,0.00485308,2.11389,1.51564,-1.53424,0.699996,0.501889,-0.508049,0.963561,939.57
0,3.6657e+06,-4.9995e+07,-1.80981e+06,127.624,54.6018,-461.175,-201.111,0.107893,-0.911282,-0.397396,142.161,1067.19
0,-605664,-4.9995e+07,456135,59.2279,-56.2824,-304.914,136.619,-0.166109,-0.899906,0.403209,101.701,998.793
0,858779,-4.9995e+07,149356,286.801,-311.014,-723.742,-25.6537,-0.394609,-0.918272,-0.032549,192.667,1226.37
0,1.77367e+06,-4.9995e+07,7.34335e+06,79.919,121.936,-245.846,285.055,0.308165,-0.621321,0.720413,116.352,1019.48
0,-1.94075e+06,-4.9995e+07,-1.12891e+06,292.879,-305.699,-624.667,-390.481,-0.383283,-0.783201,-0.489581,194.003,1232.44
0,6.29368e+06,-4.9995e+07,718847,226.151,295.933,-614.315,-105.606,0.428883,-0.8903,-0.15305,177.445,1165.72
0,6.13181e+06,-4.9995e+07,2.60534e+06,138.787,-186.839,-486.925,-89.7483,-0.353056,-0.920104,-0.16959,147.119,1078.35
0,-422778,-4.9995e+07,-237654,150.482,-56.5897,-549.157,-25.4,-0.102397,-0.993681,-0.0459605,151.991,1090.05
0,-2.13147e+06,-4.9995e+07,-1.56747e+06,469.904,-232.774,-1019.33,-102.979,-0.221557,-0.970209,-0.0980169,223.461,1409.47
0,1.20815e+06,-4.9995e+07,1.90187e+06,259.406,-357.251,-414.672,505.14,-0.479651,-0.556746,0.67821,186.229,1198.97
0,377194,-4.9995e+07,149508,14880.8,573.518,-15781.6,117.407,0.036316,-0.999313,0.00743435,299.263,15820.4
0,2.51673e+06,-4.9995e+07,1.50763e+06,311.22,498.966,-531.133,388.087,0.604338,-0.643299,0.470044,197.883,1250.79
0,931041,-4.99948e+07,1.82757e+06,0.0133448,2.83042,-3.46732,2.24569,0.565218,-0.692403,0.44845,1.5978,939.579
0,-819258,-4.9995e+07,2.42182e+06,46.9198,-35.7288,-297.483,-24.4377,-0.118852,-0.989579,-0.0812921,91.3545,986.485
0,2.01906e+06,-4.9995e+07,4.69785e+06,195.308,-18.3033,-635.097,-38.3621,-0.0287553,-0.997768,-0.0602687,168.144,1134.87
0,1.42286e+06,-4.9995e+07,-1.55469e+06,1.93101e-05,0.188878,0.0117711,0.0217455,0.991539,0.061794,0.114156,0.0607805,939.565
0,876857,-4.9995e+07,2.6717e+06,188.1,108.719,-602.394,-118.944,0.174348,-0.966032,-0.190746,165.775,1127.67
0,1.01946e+06,-4.9995e+07,4.05278e+06,187.342,196.668,-408.934,425.713,0.316084,-0.657236,0.684202,165.519,1126.91
0,-6.42197e+06,-4.99954e+07,40933.4,2.46773,-11.4497,27.3413,61.3565,-0.168028,0.401243,0.900428,21.6847,942.033
0,1.56527e+06,-4.9995e+07,1.77009e+06,385.634,274.426,-855.366,257.699,0.293647,-0.915278,0.275748,211.413,1325.2
0,-39430.7,-4.9995e+07,-536104,145.673,198.745,-501.307,-64.4179,0.365945,-0.923047,-0.118611,150.027,1085.24
0,-877190,-4.99947e+07,341369,0.248728,-9.37613,12.8105,-14.6777,-0.433664,0.592511,-0.678871,6.89667,939.814
0,3.71447e+06,-4.9995e+07,-2.72711e+06,132.083,126.207,-495.421,65.4016,0.244867,-0.961217,0.126892,144.182,1071.65
0,-927001,-4.99952e+07,-4.55295e+06,0.000149578,0.373239,0.346479,0.147384,0.704003,0.653528,0.277996,0.169163,939.566
0,1.2127e+06,-4.9995e+07,-1.41887e+06,9.41451,8.74552,40.0819,-126.873,0.0655878,0.300597,-0.951493,42.1233,948.98
0,-797299,-4.9995e+07,504517,722.51,-188.929,-1357.89,-11.9647,-0.137801,-0.990421,-0.0087268,247.285,1662.08
0,-908154,-4.9995e+07,-254716,380.056,-282.031,-848.844,-241.951,-0.304366,-0.916068,-0.261113,210.501,1319.62
0,1.73783e+06,-4.9995e+07,-957017,312.294,341.164,-739.686,-144.364,0.412399,-0.894133,-0.174507,198.103,1251.86
0,-1.66835e+06,-4.9995e+07,-78793.5,238.454,-477.617,-456.598,261.431,-0.672136,-0.642557,0.367904,180.834,1178.02
0,2.32771e+06,-4.9995e+07,-699396,42.7123,86.5321,-272.714,-15.018,0.302025,-0.951858,-0.0524176,87.4405,982.278
0,206329,-4.9995e+07,553698,237.824,73.207,-533.037,462.574,0.103174,-0.751232,0.651925,180.666,1177.39
0,3.21612e+06,-4.99955e+07,-5.21821e+06,1.86392,-46.5326,-31.9822,17.8292,-0.785868,-0.540133,0.301109,18.8551,941.429
0,2.9005e+06,-4.99946e+07,-5.41483e+06,0.399388,-15.1626,-22.6872,2.4593,-0.553416,-0.828054,0.0897615,8.73828,939.965
0,1.21089e+06,-4.9995e+07,-187851,1079.78,145.157,-1696.52,-543.825,0.0812087,-0.949126,-0.304246,265.364,2019.35
0,-4.18445e+06,-4.99954e+07,2.56761e+06,0.054579,-6.81551,-3.0397,-6.84638,-0.672979,-0.300147,-0.676026,3.23122,939.62
0,1.29701e+06,-4.99952e+07,-113904,0.118842,-1.26608,-14.7492,-2.0477,-0.0847194,-0.986939,-0.137022,4.76766,939.684
0,-313238,-4.99946e+07,1.82557e+06,3.51509,-67.2155,2.75685,-45.7399,-0.826261,0.0338892,-0.562267,25.859,943.08
0,456848,-4.99952e+07,-653211,1.87368,25.3755,-26.4363,-46.7077,0.427436,-0.445305,-0.786767,18.9044,941.439
0,-65153.4,-4.9995e+07,161309,1257.59,-416.187,-1901.37,395.329,-0.209547,-0.957325,0.199045,270.993,2197.15
0,1.41117e+06,-4.9995e+07,-5.90486e+06,151.992,44.4201,-539.369,-125.784,0.0799469,-0.970751,-0.226385,152.595,1091.56
0,743280,-4.9995e+07,-35595.6,151.687,155.76,-494.546,-198.022,0.280638,-0.891038,-0.356781,152.474,1091.25
0,878188,-4.9995e+07,4.32285e+06,131.983,-219.567,-440.39,152.58,-0.426176,-0.85479,0.296155,144.137,1071.55
0,1.41621e+06,-4.9995e+07,-1.86221e+06,147.084,109.739,-515.427,-142.536,0.201019,-0.944151,-0.261095,150.607,1086.65
0,953921,-4.99954e+07,-688002,0.173693,-13.4116,-3.33283,11.638,-0.742318,-0.184469,0.644154,5.76368,939.739
0,947412,-4.99949e+07,-425451,1.80541e-06,0.00874661,-0.0346272,0.0460114,0.150167,-0.5945,0.789949,0.0185849,939.565
0,-1.78294e+06,-4.99945e+07,-424778,0,-0,0,-0,-0.92258,0.38568,-0.00981178,0,939.565
0,-53755.1,-4.9995e+07,-333401,146.927,146.939,-520.6,-71.1837,0.269315,-0.954174,-0.130468,150.543,1086.49
0,-356779,-4.99948e+07,573502,0.0120592,3.29356,-2.48641,2.373,0.691874,-0.522317,0.498493,1.51889,939.577
0,985983,-4.9995e+07,-301152,435.97,437.107,-904.411,-17.1496,0.435085,-0.900228,-0.0170702,218.955,1375.54
0,-448730,-4.99947e+07,-473153,2.30352e-06,0.0554556,0.0035057,0.0352278,0.84289,0.0532845,0.535441,0.0209927,939.565
0,1.12657e+06,-4.99955e+07,-672529,7.93996e-06,0.055475,-0.105334,-0.0273421,0.454161,-0.862341,-0.223843,0.0389746,939.565
0,-213204,-4.99946e+07,-598549,8.78714e-07,0.0341738,-0.0115753,-0.0186917,0.840991,-0.284859,-0.459988,0.0129657,939.565
0,-1.43993e+06,-4.9995e+07,-2.45978e+06,178.121,-248.431,-515.132,-198.397,-0.410397,-0.850975,-0.327743,162.366,1117.69
0,-1.94559e+06,-4.9995e+07,-1.75617e+06,458.299,-454.128,-873.876,-318.354,-0.438768,-0.844318,-0.307586,221.963,1397.86
0,-1.65129e+06,-4.9995e+07,-3.5798e+06,89.2393,-84.0197,-350.068,-214.59,-0.20047,-0.835259,-0.512009,122.125,1028.8
0,-892163,-4.9995e+07,-5.21366e+06,106.555,39.6988,-425.686,-169.708,0.0863048,-0.925436,-0.368943,131.817,1046.12
0,-2.83429e+06,-4.9995e+07,2.36821e+06,199.263,-359.192,-291.44,447.425,-0.558149,-0.452869,0.695255,169.403,1138.83
0,-1.99009e+06,-4.9995e+07,1.64463e+06,794.89,-427.151,-1344.39,368.389,-0.292985,-0.922124,0.25268,251.986,1734.46
0,1.58041e+06,-4.9995e+07,-457996,163.301,308.379,-485.881,-48.5223,0.533969,-0.841319,-0.0840182,156.981,1102.87
0,8.58304e+06,-4.9995e+07,-1.67038e+06,192.35,534.367,-327.366,75.7072,0.846552,-0.518618,0.119936,167.176,1131.91
0,7.59162e+06,-4.9995e+07,-5.04706e+06,185.783,352.544,-508.572,-26.2974,0.569194,-0.821106,-0.042458,164.994,1125.35
0,1.64001e+06,-4.9995e+07,368752,113.083,149.99,-442.458,83.781,0.316006,-0.932193,0.176514,135.177,1052.65
0,1.80427e+06,-4.99952e+07,-330535,0.0416372,4.64511,7.32866,-1.71963,0.525137,0.828515,-0.194407,2.82227,939.607
0,-564424,-4.9995e+07,-2.34817e+06,72.733,-221.117,-291.426,-90.2388,-0.586856,-0.77346,-0.239499,111.58,1012.3
0,-1.44358e+06,-4.9995e+07,-2.17569e+06,339.794,24.0613,-832.688,-245.007,0.0277102,-0.958966,-0.282162,203.468,1279.36
0,3.72283e+06,-4.9995e+07,2.66321e+06,371.568,359.728,-665.637,513.625,0.393366,-0.72788,0.561653,209.097,1311.13
0,-1.09981e+06,-4.9995e+07,638475,276.948,-434.267,-585.549,256.254,-0.561986,-0.75776,0.33162,190.425,1216.51
0,594803,-4.99952e+07,1.79271e+06,0.744025,-4.28392,-36.5474,-6.67892,-0.114547,-0.977234,-0.178586,11.9234,940.309
0,-974692,-4.9995e+07,-5.17494e+06,89.7004,173.288,-247.239,-292.317,0.41235,-0.588322,-0.69559,122.401,1029.27
0,3.37874e+06,-4.9995e+07,-9.99451e+06,253.834,-95.4222,-546.942,-482.874,-0.129683,-0.743318,-0.656247,184.839,1193.4
0,-78591.9,-4.99954e+07,-302022,0.00109656,1.26937,0.55393,-0.377424,0.884286,0.385886,-0.262926,0.458025,939.566
0,-128551,-4.99953e+07,-359408,1.3512e-06,0.0200339,-0.0231656,0.0400136,0.397581,-0.459732,0.794088,0.016078,939.565
0,-87104.6,-4.99953e+07,-339804,9.11817e-07,-0.019016,0.0365713,0.00378899,-0.459396,0.883502,0.0915359,0.0132077,939.565
0,3.53223e+06,-4.9995e+07,-7.06138e+06,139.818,-76.3852,-416.176,321.322,-0.143769,-0.783309,0.604779,147.561,1079.38
0,4.30369e+06,-4.9995e+07,-8.73158e+06,176.284,224.722,-423.166,-364.372,0.373328,-0.703,-0.605325,161.718,1115.85
0,-2.7262e+06,-4.99949e+07,-2.88684e+06,1.62011e-07,-0.0168847,0.00359907,-0.00252852,-0.967704,0.206272,-0.144916,0.00556729,939.565
0,-2.70749e+06,-4.99948e+07,119840,5.13703e-06,0.00416147,-0.0981407,0.00205769,0.0423557,-0.998883,0.0209433,0.0313493,939.565
0,-357547,-4.9995e+07,-2.65309e+06,316.465,220.846,-728.726,-339.135,0.264942,-0.87423,-0.40685,198.956,1256.03
0,-2.73968e+06,-4.99951e+07,2.32627e+06,0.000138382,0.428631,-0.0774445,0.265171,0.840554,-0.15187,0.520005,0.162709,939.565
0,2.37433e+06,-4.99952e+07,-115459,3.35325e-05,0.228928,0.0396261,-0.0950453,0.911985,0.157859,-0.378633,0.080095,939.565
0,631189,-4.9995e+07,2.79009e+06,0.0058215,-0.119853,1.70201,-2.8334,-0.0362371,0.514596,-0.856667,1.05533,939.571
0,3.28404e+06,-4.99953e+07,-2.40749e+06,3.99291e-07,-0.00271381,6.58238e-06,0.0272572,-0.099073,0.000240303,0.99508,0.00874012,939.565
0,3.09279e+06,-4.9995e+07,3.76831e+06,189.621,40.8527,-446.43,437.389,0.0652264,-0.712781,0.698347,166.283,1129.19
0,222530,-4.9995e+07,1.03806e+06,282.011,185.892,-498.065,571.701,0.238115,-0.637986,0.732308,191.583,1221.58
0,766771,-4.9995e+07,1.83081e+06,104.519,-172.979,-420.918,15.3499,-0.379894,-0.924415,0.0337114,130.737,1044.08
0,445326,-4.99946e+07,936260,0.000931458,-1.10478,-0.267473,-0.676945,-0.835055,-0.202171,-0.511674,0.422137,939.566
0,596865,-4.9995e+07,-2.0271e+06,133.603,-367.564,-355.607,85.718,-0.708813,-0.685755,0.165299,144.858,1073.17
0,-338321,-4.99947e+07,-169064,0.0433334,0.0324804,-0.456957,9.01228,0.00359937,-0.0506385,0.998711,2.87918,939.609
0,-66185.8,-4.9995e+07,888544,219.09,-215.281,-572.864,291.856,-0.317518,-0.844918,0.430459,175.422,1158.66
0,-489694,-4.9995e+07,-335037,2478.81,-124.2,-3266.47,-342.474,-0.0377883,-0.993838,-0.104199,288.243,3418.38
0,-427627,-4.9995e+07,-146795,236.405,88.0733,-672.386,-200.659,0.124539,-0.95078,-0.28374,180.284,1175.97
0,1.20716e+06,-4.9995e+07,-2.59986e+06,136.458,290.916,-319.948,-296.724,0.554711,-0.610068,-0.565785,146.114,1076.02
0,489256,-4.9995e+07,-228429,3004,334.879,-3808.72,-224.491,0.0874357,-0.994444,-0.0586138,291.156,3943.56
0,541718,-4.99951e+07,179272,0,0,0,-0,0.771022,0.608692,-0.187134,0,939.565
0,-1.99651e+06,-4.9995e+07,721483,353.559,0.491644,-680.652,571.052,0.000553357,-0.76609,0.642733,205.971,1293.12
0,7.8117e+06,-4.9995e+07,-5.45735e+06,94.7563,246.197,-302.621,186.67,0.56927,-0.699736,0.431627,125.347,1034.32
0,-732492,-4.9995e+07,6.70244e+06,135.917,-193.353,-373.82,311.051,-0.369463,-0.714304,0.594363,145.876,1075.48
0,609144,-4.9995e+07,-270726,531.685,220.133,-1058.45,-336.18,0.194436,-0.934893,-0.296935,230.696,1471.25
0,-32595.4,-4.9995e+07,1.23008e+06,802.274,-108.191,-1370.39,511.417,-0.0737645,-0.934333,0.348684,252.432,1741.84
0,4.40473e+06,-4.99948e+07,988980,0.00675645,-0.166987,3.25933,1.43009,-0.0468646,0.914724,0.401352,1.13692,939.572
0,212391,-4.99948e+07,-396786,0.231236,-17.0172,-0.788314,12.0155,-0.816308,-0.0378151,0.576378,6.64993,939.797
0,-1.10954e+06,-4.9995e+07,-2.35617e+06,2.41361e-05,-0.0190532,-0.180221,0.111857,-0.0894657,-0.846242,0.525234,0.0679525,939.565
0,-955147,-4.99948e+07,-1.27622e+06,0.162944,-5.10044,12.2252,-11.4346,-0.291469,0.698619,-0.653436,5.58252,939.728
0,-1.8826e+06,-4.9995e+07,3.29145e+06,217.954,-151.903,-652.686,89.4092,-0.224686,-0.965415,0.132249,175.091,1157.52
0,67442.9,-4.9995e+07,-2.00112e+06,160.616,-31.5916,-564.43,-89.649,-0.0551937,-0.986115,-0.156626,155.967,1100.18
0,-3.97714e+06,-4.9995e+07,293513,81.7091,-186.602,-249.312,251.479,-0.466186,-0.622856,0.628269,117.498,1021.27
0,-577544,-4.99946e+07,1.65025e+06,4.12417e-06,0.0548403,-0.0682456,0.00921583,0.62295,-0.775225,0.104686,0.0280893,939.565
0,2.8193e+06,-4.9995e+07,2.40813e+06,209.48,281.493,-449.115,395.701,0.425566,-0.678982,0.598229,172.573,1149.05
0,-1.63754e+06,-4.99952e+07,-2.55435e+06,0.00287694,2.30166,0.325348,0.0514778,0.989914,0.139928,0.0221399,0.741885,939.568
0,380674,-4.99948e+07,5.1617e+06,0.27931,0.0398773,-3.28147,22.6753,0.00174049,-0.143223,0.989689,7.30818,939.845
0,346714,-4.99948e+07,5.31e+06,0.0278407,-3.19836,6.47398,-0.418658,-0.442186,0.895054,-0.0578812,2.30782,939.593
0,899718,-4.9995e+07,1.29422e+06,178.182,312.879,-463.546,231.964,0.516767,-0.765616,0.383124,162.387,1117.75
0,-6409.75,-4.9995e+07,3.98953e+06,333.61,204.72,-786.155,-279.718,0.238273,-0.915005,-0.325563,202.301,1273.18
0,-3.18744e+06,-4.9995e+07,-653583,339.388,-380.802,-691.817,359.606,-0.438854,-0.797282,0.414426,203.394,1278.95
0,-1.02214e+06,-4.9995e+07,-1.71435e+06,0.000272899,0.406712,0.224193,-0.545102,0.567946,0.313071,-0.761199,0.228493,939.566
0,-160167,-4.9995e+07,-187516,553.557,-130.346,-1151.13,-67.4111,-0.112325,-0.991972,-0.0580907,232.988,1493.12
0,4.07706e+06,-4.9995e+07,1.80729e+06,125.574,292.593,-401.953,67.543,0.583162,-0.801124,0.134619,141.213,1065.14
0,1.3798e+06,-4.99952e+07,2.87067e+06,10.8002,-102.317,90.3113,42.2697,-0.716158,0.632126,0.295863,45.0672,950.366
0,-97048.7,-4.99952e+07,572789,8.08136e-06,-0.0523231,-0.111545,-0.00243951,-0.424592,-0.905168,-0.0197962,0.0393201,939.565
0,-376829,-4.9995e+07,-348951,543.375,-256.338,-1098.85,-207.735,-0.223425,-0.957757,-0.181062,231.934,1482.94
0,1.36636e+06,-4.9995e+07,-2.44455e+06,0.000479056,-0.811594,-0.142827,-0.470239,-0.855396,-0.150535,-0.495618,0.302737,939.566
0,3.00426e+06,-4.99953e+07,3.39192e+06,0.078406,8.70262,-7.75275,3.39126,0.716948,-0.638695,0.279382,3.87275,939.644
0,678857,-4.99946e+07,1.07809e+06,0.223312,-18.6876,-8.12298,-2.1151,-0.912206,-0.396511,-0.103245,6.53497,939.789
0,953509,-4.9995e+07,-2.35328e+06,47.8989,-97.8453,-232.961,-168.695,-0.322057,-0.76679,-0.555259,92.234,987.464
0,3.96613e+06,-4.9995e+07,-996010,162.075,155.955,-489.433,-258.77,0.271142,-0.850926,-0.449897,156.52,1101.64
0,214294,-4.9995e+07,-673870,111.233,83.3654,-420.298,-194.405,0.177176,-0.893254,-0.413167,134.235,1050.8
0,1.09586e+06,-4.9995e+07,-2.11117e+06,561.914,69.5151,-1163.12,-118.261,0.0593549,-0.993117,-0.100976,233.836,1501.48
0,-5.3414e+06,-4.99954e+07,786910,2.45573e-05,0.142656,0.130467,0.09367,0.664081,0.607339,0.436045,0.068543,939.565
0,366311,-4.99954e+07,-272197,0.00346271,-0.826282,-2.28648,0.772105,-0.323923,-0.896357,0.302684,0.813915,939.569
0,-844348,-4.9995e+07,-261463,151.962,-109.284,-543.535,35.7257,-0.19671,-0.978351,0.0643056,152.583,1091.53
0,2.74599e+06,-4.99951e+07,-1.9571e+06,0.00104467,-1.34443,-0.125547,0.373942,-0.959552,-0.0896064,0.266892,0.447056,939.566
0,621211,-4.9995e+07,-6.84571e+06,1.63471e-05,0.115431,-0.108228,-0.0753712,0.658604,-0.617502,-0.430037,0.0559233,939.565
0,189704,-4.9995e+07,-1.98599e+06,394.448,251.436,-861.212,-303.156,0.265508,-0.90941,-0.320122,212.813,1334.01
0,1.23327e+06,-4.9995e+07,2.68091e+06,73.6626,69.7204,-332.277,-169.054,0.183826,-0.876089,-0.445731,112.215,1013.23
0,-5.03195e+06,-4.99954e+07,60174.5,0.00339798,1.64979,-0.203323,1.90318,0.65289,-0.0804632,0.753167,0.806271,939.569
0,-1.03577e+06,-4.9995e+07,-2.99437e+06,174.997,-222.163,-554.524,51.1241,-0.370546,-0.924892,0.0852701,161.26,1114.56
0,-1.08941e+06,-4.9995e+07,-5.47209e+06,218.851,-3.47973,-397.687,-548.614,-0.00513537,-0.586903,-0.809641,175.352,1158.42
0,2.54961e+06,-4.99946e+07,1.85989e+06,2.25986e-05,0.123748,0.0271113,0.162534,0.600506,0.131562,0.788723,0.0657527,939.565
0,456536,-4.9995e+07,1.31188e+06,333.679,138.216,-798.551,285.626,0.16085,-0.929321,0.3324,202.314,1273.24
0,1.09626e+06,-4.9995e+07,159476,388.935,372.498,-856.922,-95.1894,0.396605,-0.912378,-0.10135,211.937,1328.5
0,3.9011e+06,-4.9995e+07,1.5106e+06,189.973,338.453,-503.306,158.768,0.539834,-0.802777,0.253236,166.398,1129.54
0,-664782,-4.99955e+07,558395,3.87694e-07,-0.0166718,0.0165566,-0.0132838,-0.617674,0.613406,-0.492151,0.00861225,939.565
0,-601719,-4.9995e+07,2.29593e+06,149.832,-90.4729,-381.454,387.7,-0.164089,-0.691836,0.703163,151.726,1089.4
0,914565,-4.99948e+07,-2.17338e+06,1.12167e-06,-0.0236513,0.0393493,-5.70878e-05,-0.515163,0.857091,-0.00124346,0.0146489,939.565
0,174052,-4.99955e+07,-691706,0.0743206,-4.09031,-10.8011,2.50396,-0.346111,-0.913956,0.211878,3.77052,939.64
0,-1.44719e+06,-4.9995e+07,-1.99736e+06,854.51,-472.544,-1351.44,-535.006,-0.309181,-0.884236,-0.350049,255.386,1794.08
0,1.17303e+06,-4.9995e+07,-242891,72.3904,3.97544,-373.206,44.4157,0.0105769,-0.992937,0.118171,111.346,1011.96
0,1.84103e+06,-4.9995e+07,-932091,2333.03,452.837,-3100.48,-95.1579,0.144454,-0.989046,-0.0303551,287.17,3272.6
0,1.71394e+06,-4.99954e+07,-158671,3.21089e-07,0.0129012,-0.0126006,0.0166779,0.525218,-0.512981,0.678967,0.00783763,939.565
0,2.92759e+06,-4.9995e+07,-3.83042e+06,158.934,-35.1169,-309.096,-476.597,-0.0617018,-0.543095,-0.837401,155.318,1098.5
0,18986.9,-4.9995e+07,41884.3,555.886,457.041,-1043.31,237.089,0.392836,-0.896746,0.203783,233.224,1495.45
0,1.66571e+06,-4.9995e+07,-3.10474e+06,101.327,-215.617,-344.042,-189.255,-0.481325,-0.76801,-0.422476,129.016,1040.89
0,-401744,-4.9995e+07,1.79133e+06,158.889,-165.159,-467.945,278.512,-0.290236,-0.822325,0.489433,155.3,1098.45
0,1.45589e+06,-4.9995e+07,-1.90254e+06,0.356558,5.69499,-11.9944,22.2227,0.219993,-0.463333,0.858444,8.25659,939.922
0,1.63447e+06,-4.99954e+07,-1.82128e+06,0.0825746,0.590438,-12.1031,2.88837,0.0473983,-0.971592,0.231869,3.97436,939.648
0,-2.13772e+06,-4.99955e+07,-1.46236e+06,2.88245,50.4309,51.4179,-15.4185,0.684707,0.698107,-0.209339,23.4286,942.448
0,2.3965e+06,-4.9995e+07,-1.39891e+06,100.863,127.181,-425.024,53.7433,0.284593,-0.951075,0.120261,128.762,1040.43
0,4.00707e+06,-4.9995e+07,-1.12662e+06,196.663,455.429,-426.044,-138.932,0.7128,-0.666809,-0.217445,168.576,1136.23
0,302313,-4.9995e+07,-168408,97.6228,-178.052,-391.46,89.6249,-0.405318,-0.891119,0.204022,126.969,1037.19
0,2.2593e+06,-4.99952e+07,-8.26436e+06,5.94005e-05,0.0909433,0.0572668,-0.31634,0.272206,0.171407,-0.946849,0.106602,939.565
0,721004,-4.99953e+07,405593,5.49212e-05,-0.223392,-0.223213,-0.0589597,-0.695375,-0.694817,-0.18353,0.102504,939.565
0,-3.2407e+06,-4.9995e+07,3.69045e+06,326.136,-486.627,-685.201,-113.621,-0.573808,-0.807957,-0.133977,200.868,1265.7
0,476522,-4.9995e+07,-109582,1080.26,559.252,-1671.53,300.256,0.312782,-0.934862,0.167929,265.381,2019.83
0,-1.75218e+06,-4.9995e+07,-896144,120.78,81.4681,-478.904,74.5847,0.165762,-0.974419,0.151756,138.954,1060.35
0,-760748,-4.9995e+07,-994832,253.393,98.1047,-728.255,-19.6254,0.133458,-0.990695,-0.0266978,184.729,1192.96
0,-57577.4,-4.99951e+07,-2.24042e+06,2.09985e-08,0.00283496,0.00265221,0.0049384,0.451308,0.422216,0.786164,0.00200432,939.565
0,2.2021e+06,-4.9995e+07,1.18327e+06,159.185,333.037,-368.829,278.426,0.584663,-0.647498,0.48879,155.414,1098.75
0,4.07707e+06,-4.99951e+07,765239,0.16253,14.5823,3.8619,-8.82511,0.834379,0.220972,-0.504959,5.57548,939.728
0,-883652,-4.9995e+07,849223,0.0375041,-7.19712,-2.27183,-3.67652,-0.857307,-0.270616,-0.43794,2.67854,939.603
0,1.48357e+06,-4.9995e+07,846968,1102.66,536.845,-1675.17,439.922,0.296066,-0.923842,0.242614,266.173,2042.23
0,-871570,-4.9995e+07,-1.25288e+06,104.489,-126.8,-418.571,-126.438,-0.278519,-0.9194,-0.277725,130.721,1044.05
0,2.55168e+06,-4.9995e+07,-248748,124.91,163.343,-304.02,-362.237,0.326474,-0.607646,-0.724003,140.906,1064.48
0,-646910,-4.9995e+07,-1.20217e+06,195.574,-46.9635,-610.192,-176.69,-0.0737269,-0.957927,-0.277382,168.23,1135.14
0,-397981,-4.9995e+07,-1.12883e+06,251.003,-153.856,-678.075,-226.301,-0.210413,-0.927331,-0.309488,184.118,1190.57
0,2.82073e+06,-4.99953e+07,-295638,0,-0,0,-0,-0.793766,0.607968,-0.0176142,0,939.565
0,-52178.8,-4.9995e+07,373935,575.398,66.3925,-1185.31,54.3147,0.0558665,-0.997392,0.0457035,235.163,1514.96
0,609170,-4.99946e+07,-1.39424e+06,4.35803e-07,0.00950722,0.022691,0.0146172,0.332223,0.792922,0.510786,0.00913098,939.565
0,46453.8,-4.9995e+07,450872,220.364,-63.9021,-641.844,215.883,-0.093948,-0.943631,0.317388,175.793,1159.93
0,289406,-4.99952e+07,161711,7.47671e-05,-0.113018,-0.286003,0.214305,-0.301519,-0.76302,0.57174,0.119599,939.565
0,3.2432e+06,-4.9995e+07,1.72991e+06,256.503,475.884,-462.854,327.258,0.64297,-0.625366,0.442161,185.505,1196.07
0,875514,-4.9995e+07,1.04115e+06,347.729,54.8717,-810.175,339.041,0.0623565,-0.920687,0.385288,204.928,1287.29
0,-560839,-4.9995e+07,-3.77971e+06,144.085,-142.245,-433.683,-288.444,-0.263456,-0.803234,-0.534234,149.363,1083.65
0,146114,-4.9995e+07,-513331,257.459,244.82,-699.171,-36.1529,0.33009,-0.94269,-0.0487448,185.743,1197.02
0,-2.21055e+06,-4.9995e+07,2.61968e+06,342.774,-333.171,-760.706,-268.207,-0.381769,-0.871666,-0.307328,204.017,1282.34
0,209753,-4.9995e+07,1.03223e+06,222.259,-8.68371,-674.932,106.984,-0.0127064,-0.987589,0.156543,176.345,1161.82
0,-444668,-4.9995e+07,5.33395e+06,359.398,-220.936,-596.951,631.948,-0.246319,-0.665533,0.704551,207.008,1298.96
0,3.0525e+06,-4.9995e+07,635462,235.947,367.661,-602.35,-32.3421,0.520448,-0.852665,-0.0457823,180.158,1175.51
0,895309,-4.99946e+07,-955010,0.00905601,2.13951,1.51486,-3.18516,0.51864,0.367218,-0.772117,1.31625,939.574
0,-2.55934e+06,-4.9995e+07,-4.59087e+06,4.55027e-06,0.0196914,0.0230733,0.0873523,0.212951,0.249524,0.944664,0.0295047,939.565
0,628410,-4.9995e+07,2.48338e+06,195.176,-99.2342,-597.188,195.89,-0.15596,-0.93856,0.307868,168.101,1134.74
0,220166,-4.99951e+07,2.13996e+06,0.450116,-26.6161,-9.19122,-7.2894,-0.915064,-0.315995,-0.25061,9.27609,940.015
0,550387,-4.99955e+07,1.48206e+06,0.000515437,0.401838,-0.734942,0.516682,0.408305,-0.74677,0.524997,0.314022,939.566
0,-511649,-4.9995e+07,-2.02844e+06,361.965,-160.113,-749.815,-472.589,-0.177772,-0.832512,-0.524711,207.454,1301.53
0,-1.38516e+06,-4.9995e+07,279693,0.0209206,3.65397,-4.82576,-1.63512,0.58277,-0.769657,-0.260784,2.00056,939.586
0,1.40352e+06,-4.99955e+07,-321439,8.95712e-06,0.0730354,-0.0190485,0.105521,0.562951,-0.146824,0.813344,0.0413958,939.565
0,-841717,-4.9995e+07,1.53295e+06,210.733,-192.867,-631.957,61.9396,-0.290624,-0.952274,0.0933347,172.949,1150.3
0,1.47362e+06,-4.99953e+07,-1.35014e+06,9.6292e-06,-0.0163257,0.0580689,0.120233,-0.121366,0.431688,0.893821,0.0429208,939.565
0,2.69785e+06,-4.9995e+07,-2.26594e+06,352.988,428.026,-685.089,-367.911,0.482204,-0.771806,-0.414481,205.87,1292.55
0,-1.06831e+06,-4.9995e+07,1.44064e+06,372.305,-324.532,-845.528,134.098,-0.354469,-0.923525,0.146468,209.223,1311.87
0,-2.40479e+06,-4.99952e+07,77640.6,0.0574229,4.52369,-3.77732,8.55433,0.435477,-0.363627,0.82349,3.31432,939.623
0,-2.36926e+06,-4.99955e+07,117375,0.0407585,-5.08752,-6.93354,1.62335,-0.581318,-0.792252,0.18549,2.79233,939.606
0,-1.09207e+06,-4.99945e+07,1.15371e+06,8.67968e-07,0.024503,-0.0274904,-0.0165804,0.60672,-0.680691,-0.410548,0.0128862,939.565
0,512605,-4.99951e+07,-1.07438e+06,0.16015,-1.02781,-15.922,6.81198,-0.0592451,-0.917775,0.392657,5.53435,939.726
0,-2.47481e+06,-4.99954e+07,838392,0.88534,11.8536,-35.2597,-16.7541,0.290545,-0.864257,-0.410662,13.0049,940.451
0,2.175e+06,-4.9995e+07,3.28069e+06,8.57964e-06,0.105701,-0.0207007,-0.0672388,0.832464,-0.163032,-0.52955,0.0405141,939.565
0,388784,-4.99947e+07,1.26368e+06,2.62674e-07,-0.0215681,-0.00385535,-0.00368152,-0.970787,-0.173531,-0.165707,0.00708893,939.565
0,883215,-4.9995e+07,1.28547e+06,408.009,257.093,-850.587,378.918,0.266139,-0.880516,0.392251,214.901,1347.57
0,663848,-4.99954e+07,-1.49393e+06,0.34743,-13.1276,14.3335,16.5893,-0.513729,0.560917,0.649195,8.15026,939.913
0,406343,-4.99955e+07,-1.81004e+06,1.40787e-05,-0.0019331,0.00902541,-0.16239,-0.0118849,0.0554891,-0.998389,0.0518983,939.565
0,-3.61669e+06,-4.99955e+07,-533926,1.75576e-06,0.0405568,-0.040364,0.00502038,0.706077,-0.70272,0.0874027,0.0183276,939.565
0,-1.03329e+06,-4.9995e+07,-1.36062e+06,8.41497e-07,0.014653,-0.0295394,0.022226,0.368487,-0.742843,0.55893,0.0126882,939.565
0,-3.30283e+06,-4.9995e+07,669009,210.424,-345.957,-518.762,225.592,-0.521732,-0.782337,0.340211,172.856,1149.99
0,-1.18749e+06,-4.9995e+07,-1.97268e+06,73.6917,101.458,-348.806,109.303,0.267452,-0.919483,0.288132,112.235,1013.26
0,-753959,-4.9995e+07,1.21983e+06,0.000566681,0.266821,-0.90826,0.410778,0.258566,-0.880161,0.39807,0.329262,939.566
0,-668941,-4.9995e+07,-480460,817.871,-215.326,-1366.17,-541.309,-0.144982,-0.919859,-0.364471,253.342,1757.44
0,124861,-4.9995e+07,-463860,2506.48,-66.3381,-3291.69,-390.88,-0.0200086,-0.992824,-0.117895,288.432,3446.04
0,-1.11783e+06,-4.99949e+07,2.63014e+06,1.86795e-06,0.0572707,-0.00857252,0.0125184,0.966654,-0.144693,0.211293,0.0189041,939.565
0,-1.27253e+06,-4.9995e+07,-2.48156e+06,202.759,-55.9377,-501.405,-409.372,-0.0860966,-0.771738,-0.630086,170.506,1142.32
0,1.45307e+06,-4.9995e+07,1.72351e+06,59.8343,196.898,-274.533,-43.3509,0.578071,-0.806,-0.127273,102.171,999.4
0,-297140,-4.9995e+07,-130538,55.001,71.5475,-311.902,-63.0653,0.219364,-0.956291,-0.193358,98.3108,994.566
0,-830159,-4.9995e+07,2.31532e+06,97.454,-230.787,-352.969,121.558,-0.525841,-0.804227,0.276967,126.875,1037.02
0,-71317.4,-4.9995e+07,1.45663e+06,191.875,79.6889,-545.404,-305.875,0.126415,-0.865202,-0.485226,167.021,1131.44
0,-66595.2,-4.9995e+07,-181564,119.937,258.026,-407.797,82.9858,0.526955,-0.832824,0.169478,138.548,1059.5
0,1.87527e+06,-4.99955e+07,1.23726e+06,5.57998e-07,0.000715417,0.0293582,-0.0136432,0.0220935,0.906638,-0.42133,0.0103321,939.565
0,632524,-4.9995e+07,-1.88135e+06,121.455,177.355,-438.032,-140.195,0.359797,-0.888627,-0.28441,139.274,1061.02
0,5.6191e+06,-4.9995e+07,316206,153.471,477.831,-279.372,74.6626,0.855529,-0.500199,0.133679,153.182,1093.04
0,3.09051e+06,-4.9995e+07,1.27766e+06,327.83,537.943,-649.911,-108.352,0.632434,-0.764068,-0.127385,201.199,1267.4
0,-1.43452e+06,-4.9995e+07,1.35685e+06,436.663,-22.28,-983.455,-208.663,-0.022156,-0.977984,-0.207502,219.053,1376.23
0,149409,-4.9995e+07,1.90453e+06,115.492,65.3902,-440.778,178.333,0.13624,-0.91836,0.371556,136.375,1055.06
0,-4.22902e+06,-4.99951e+07,-1.07369e+06,0.000520483,-0.401946,-0.454027,0.781252,-0.40643,-0.459092,0.789967,0.315555,939.566
0,-5.60983e+06,-4.99949e+07,-4.09239e+06,0.000266692,-0.377974,-0.268122,0.535159,-0.533923,-0.378746,0.755961,0.22588,939.566
0,-5.55081e+06,-4.99947e+07,-4.94149e+06,0.000900804,0.243363,1.06486,0.706802,0.187051,0.818465,0.543256,0.415133,939.566
0,-5.30755e+06,-4.99949e+07,-4.94662e+06,8.754e-05,0.125526,-0.385033,-0.0221828,0.309494,-0.949327,-0.0546933,0.129412,939.565
0,1.96722e+06,-4.99953e+07,5.5129e+06,0.00940738,-3.41063,-1.25029,-2.1171,-0.811187,-0.29737,-0.503534,1.34154,939.575
0,-808930,-4.9995e+07,2.0056e+06,125.994,216.123,-453.139,24.2781,0.429987,-0.901542,0.0483025,141.407,1065.56
0,2.16706e+06,-4.99951e+07,1.27779e+06,0.000823759,0.0885826,-0.454597,-1.15475,0.0711983,-0.365382,-0.928131,0.396983,939.566
0,2.85563e+06,-4.9995e+07,-1.98283e+06,247.384,140.519,-711.162,-23.8302,0.193738,-0.980503,-0.0328554,183.186,1186.95
0,-1.24465e+06,-4.9995e+07,-1.02147e+06,81.2515,-76.114,-360.266,-153.946,-0.190712,-0.902686,-0.385728,117.205,1020.82
0,-1.86345e+06,-4.9995e+07,-2.20947e+06,53.1321,141.182,-240.216,-158.206,0.440623,-0.749705,-0.493756,96.7609,992.698
0,-453564,-4.9995e+07,-862864,587.275,194.177,-1180.22,-133.537,0.161341,-0.980642,-0.110956,236.304,1526.84
0,15488.6,-4.9995e+07,-803398,480.93,-34.827,-964.899,-450.311,-0.0326899,-0.90569,-0.422679,224.843,1420.5
0,-2.70451e+06,-4.9995e+07,-2.10787e+06,94.5427,-67.3175,-405.226,-133.628,-0.155839,-0.938093,-0.309348,125.224,1034.11
0,-64833.3,-4.99954e+07,-989971,5.66395e-06,0.0481743,-0.085425,0.0320174,0.466957,-0.828031,0.310347,0.0329179,939.565
0,-3.28893e+06,-4.9995e+07,-421904,99.2448,-97.8142,-412.29,-129.585,-0.220747,-0.930454,-0.292448,127.877,1038.81
0,-249364,-4.99953e+07,-1.13076e+06,6.43489e-05,-0.244437,0.0799534,0.234047,-0.70294,0.229926,0.673059,0.110954,939.565
0,-1.21002e+06,-4.9995e+07,-1.47182e+06,198.937,-66.3763,-502.721,-395.31,-0.103235,-0.781879,-0.614823,169.3,1138.5
0,1.27661e+06,-4.99947e+07,1.43245e+06,0.197182,16.2747,9.76664,3.21215,0.845429,0.507352,0.166863,6.14098,939.763
0,1.32053e+06,-4.99952e+07,1.36457e+06,0.0473303,-3.98181,2.42082,-8.19919,-0.422209,0.25669,-0.869396,3.00902,939.613
0,781095,-4.9995e+07,-1.83209e+06,265.544,-17.9214,-741.139,-141.059,-0.0237478,-0.982088,-0.186918,187.726,1205.11
0,3.12712e+06,-4.99955e+07,2.47722e+06,0.0247453,-5.04933,4.46649,-1.02712,-0.740468,0.654996,-0.150624,2.17576,939.59
0,3.20143e+06,-4.99953e+07,2.55444e+06,0.00467338,1.48597,2.48035,0.649337,0.501437,0.836988,0.219117,0.945553,939.57
0,-2.63194e+06,-4.99953e+07,1.79504e+06,0.000331925,-0.12225,0.252501,0.738261,-0.154792,0.319716,0.934784,0.251995,939.566
0,5.56854e+06,-4.9995e+07,559238,89.1688,91.7275,-338.963,228.476,0.218951,-0.809096,0.545367,122.083,1028.73
0,1.76922e+06,-4.99954e+07,-565532,0.00193952,1.30682,1.0691,-0.890989,0.684527,0.560005,-0.466709,0.609142,939.567
0,-158435,-4.9995e+07,-4.56337e+06,60.5398,-83.7353,-310.116,-119.348,-0.244357,-0.90498,-0.348283,102.718,1000.11
0,1.90345e+06,-4.9995e+07,330508,531.685,493.265,-1012.83,-112.551,0.435683,-0.894594,-0.0994119,230.696,1471.25
0,3.91763e+06,-4.9995e+07,-2.99573e+06,453.662,761.62,-548.476,-421.199,0.740345,-0.533155,-0.409433,221.358,1393.23
0,2.126e+06,-4.99945e+07,185025,0.260731,4.89184,-3.61473,-21.2842,0.220987,-0.163294,-0.961509,7.06099,939.826
0,1.56079e+06,-4.99946e+07,1.88202e+06,1.3018e-05,0.0552634,-0.140694,-0.0401697,0.353335,-0.899551,-0.256831,0.0499051,939.565
0,-527341,-4.99952e+07,-1.84531e+06,0.0341284,5.62957,1.87327,5.37882,0.702966,0.233916,0.671656,2.55516,939.599
0,777342,-4.9995e+07,3.83013e+06,61.9443,-86.0942,-313.55,120.468,-0.248286,-0.904244,0.347416,103.794,1001.51
0,-1.21927e+06,-4.9995e+07,-1.07217e+06,214.385,-373.712,-549.006,88.0377,-0.55783,-0.819486,0.131411,174.045,1153.95
0,-1.76749e+06,-4.99951e+07,599268,0.0223461,1.83849,-0.192438,6.21085,0.283714,-0.0296968,0.958449,2.06759,939.588
0,-704329,-4.9995e+07,-533361,100.869,-189.954,-374.169,-153.741,-0.425047,-0.837251,-0.344014,128.766,1040.43
0,807744,-4.9995e+07,-583503,0.00904658,3.65569,1.89186,-0.237863,0.886641,0.458846,-0.0576905,1.31556,939.574
0,-124816,-4.9995e+07,-429459,107.994,7.66432,-450.46,-107.815,0.0165448,-0.972399,-0.232737,132.568,1047.56
0,140747,-4.9995e+07,404304,8.31984e-06,0.123547,0.00581048,0.0183418,0.98809,0.0464704,0.146691,0.039896,939.565
0,-288829,-4.9995e+07,-821041,184.049,-67.2656,-595.921,-141.7,-0.109159,-0.967061,-0.229951,164.41,1123.61
0,17139.8,-4.9995e+07,837013,148.757,-44.7069,-543.779,62.9896,-0.0813981,-0.990061,0.114686,151.288,1088.32
0,-160321,-4.9995e+07,-1.88594e+06,216.014,266.227,-540.846,-298.644,0.395736,-0.803945,-0.443921,174.526,1155.58
0,-845924,-4.99951e+07,-416159,0.115968,10.3868,8.8816,-5.58261,0.703588,0.60163,-0.37816,4.70964,939.681
0,-926690,-4.99953e+07,-342433,0.0697486,-8.58961,6.822,3.27881,-0.750273,0.595878,0.286392,3.65272,939.635
0,1.48191e+06,-4.9995e+07,-43586.6,197.613,161.377,-520.215,-337.23,0.251908,-0.812053,-0.526414,168.878,1137.18
0,495586,-4.99952e+07,-82912.2,0,0,0,-0,0.253192,0.910433,-0.327117,0,939.565
0,786630,-4.9995e+07,-1.78618e+06,145.076,277.807,-461.638,-58.1069,0.512646,-0.851878,-0.107227,149.777,1084.64
0,209376,-4.9995e+07,-1.18868e+06,194.284,185.005,-569.458,210.526,0.291489,-0.897223,0.3317,167.809,1133.85
0,1.35422e+06,-4.9995e+07,4.52781e+06,162.841,137.823,-458.899,320.831,0.23901,-0.795812,0.556378,156.808,1102.41
0,-244009,-4.99955e+07,-6.42742e+06,1.06724e-05,0.0831573,-0.0759317,0.0858727,0.587206,-0.536183,0.60638,0.045186,939.565
0,-134298,-4.99947e+07,-6.37676e+06,5.29355e-06,-0.0356413,0.0690695,-0.062501,-0.357357,0.692523,-0.626664,0.0318233,939.565
0,1.68695e+06,-4.99952e+07,1.67303e+06,0.0162352,-2.23349,4.76057,1.6902,-0.404367,0.861887,0.306005,1.76236,939.582
0,-933674,-4.99952e+07,1.06244e+06,0.137237,11.8375,9.86874,-4.51517,0.737106,0.614514,-0.281154,5.1233,939.703
0,-240655,-4.9995e+07,208399,1153.46,-273.789,-1829.99,272.355,-0.146388,-0.97845,0.145622,267.886,2093.03
0,-573941,-4.9995e+07,862769,104.835,-100.122,-424.793,132.35,-0.219537,-0.931443,0.290203,130.906,1044.4
0,-1.09046e+06,-4.99955e+07,1.69391e+06,0.212289,15.1428,13.0137,-0.551679,0.758121,0.651529,-0.0276197,6.37164,939.778
0,-2.56209e+06,-4.9995e+07,1.23994e+06,398.289,-561.158,-687.858,344.997,-0.589202,-0.722235,0.362239,213.416,1337.85
0,-2.0983e+06,-4.9995e+07,1.87321e+06,513.683,-425.876,-920.241,448.258,-0.384132,-0.830041,0.40432,228.708,1453.25
0,-1.70465e+06,-4.99948e+07,1.82371e+06,9.1337e-05,-0.204316,-0.354688,0.0639182,-0.493173,-0.85614,0.154285,0.132189,939.565
0,-1.86167e+06,-4.99955e+07,1.28297e+06,0.000752243,0.00534495,0.159786,1.17814,0.00449558,0.134394,0.990918,0.379359,939.566
0,1.04557e+06,-4.99954e+07,1.22222e+06,1.53506e-06,0.0277821,0.0456642,0.0052467,0.517276,0.850225,0.0976887,0.017137,939.565
0,-158292,-4.9995e+07,-719275,207.508,73.8664,-637.953,-143.366,0.112255,-0.9695,-0.217874,171.974,1147.07
0,-1.92009e+06,-4.9995e+07,2.02183e+06,549.347,-467.079,-980.998,391.865,-0.40439,-0.849332,0.33927,232.561,1488.91
0,-455704,-4.9995e+07,174657,549.466,-216.55,-1095.3,296.42,-0.187461,-0.948164,0.256602,232.573,1489.03
0,4.76953e+06,-4.9995e+07,78672.3,373.141,595.201,-693.039,-76.4809,0.649257,-0.75598,-0.0834269,209.361,1312.71
0,-3.4082e+06,-4.9995e+07,3.46117e+06,60.0605,-60.9162,-302.641,145.488,-0.178496,-0.886794,0.426306,102.346,999.626
0,-921635,-4.9995e+07,178743,221.993,-25.0024,-682.413,11.1078,-0.0366088,-0.999197,0.0162642,176.268,1161.56
0,-627111,-4.9995e+07,-1.51897e+06,173.143,-258.13,-487.922,-225.029,-0.433031,-0.818521,-0.377502,160.6,1112.71
0,-764888,-4.9995e+07,-774104,379.822,-198.802,-890.691,-158.579,-0.214623,-0.961576,-0.171199,210.462,1319.39
0,-2.40646e+06,-4.99951e+07,-3.03291e+06,0.97631,11.739,5.0135,40.8978,0.273997,0.117019,0.954585,13.6557,940.542
0,11127.8,-4.99952e+07,-4.42297e+06,0.0151301,5.18338,0.23493,1.22846,0.972101,0.0440591,0.230387,1.70133,939.58
0,1.06953e+06,-4.9995e+07,-531979,257.172,239.434,-685.611,-148.347,0.323029,-0.924984,-0.20014,185.672,1196.74
0,761751,-4.99952e+07,-892976,0.138862,-13.0468,4.62272,-8.32897,-0.807638,0.286161,-0.51559,5.1536,939.704
0,1.54069e+06,-4.9995e+07,-547332,414.495,416.618,-878.427,-74.1038,0.427285,-0.900917,-0.076001,215.867,1354.06
0,-2.16708e+06,-4.9995e+07,2.23998e+06,0.000769361,0.852146,-0.734989,0.423519,0.708713,-0.611276,0.352232,0.383652,939.566
0,-1.31024e+06,-4.9995e+07,596110,193.827,-5.14484,-611.327,167.474,-0.00811652,-0.964431,0.264208,167.66,1133.39
0,1.13688e+06,-4.99946e+07,88350.4,0.00176389,0.165907,-0.958349,1.53903,0.0911277,-0.526392,0.845344,0.580908,939.567
0,596689,-4.99953e+07,1.77576e+06,0.0251842,-6.14292,-0.732696,-3.00879,-0.892954,-0.106507,-0.437367,2.19497,939.591
0,716250,-4.99949e+07,1.40125e+06,0.816958,17.0433,3.66636,-35.0987,0.434892,0.0935539,-0.895609,12.4935,940.382
0,-792396,-4.9995e+07,-880089,91.839,-212.531,-342.202,-136.895,-0.499538,-0.80432,-0.321762,123.66,1031.4
0,-1.23225e+06,-4.99953e+07,-1.05062e+06,0.0030441,1.81592,-0.54062,-1.4596,0.759256,-0.226039,-0.610276,0.763134,939.568
0,-432712,-4.9995e+07,-57619.2,256.13,57.5512,-678.373,-288.794,0.0778213,-0.917303,-0.390511,185.412,1195.7
0,-304109,-4.9995e+07,-2.05829e+06,148.482,-54.2161,-545.958,7.46963,-0.0988094,-0.995013,0.0136135,151.177,1088.05
0,3.06296e+06,-4.9995e+07,622226,210.222,510.225,-408.265,110.533,0.76987,-0.616023,0.166781,172.796,1149.79
0,-747901,-4.9995e+07,4.0852e+06,78.0462,-118.463,-351.658,-122.692,-0.303104,-0.899766,-0.313924,115.136,1017.61
0,-1.64029e+06,-4.9995e+07,820113,179.654,-59.2031,-576.549,184.269,-0.0973464,-0.948009,0.30299,162.896,1119.22
0,379458,-4.9995e+07,624992,131.932,15.0399,-490.194,157.502,0.0291982,-0.951657,0.305773,144.114,1071.5
0,-731516,-4.9995e+07,-1.02931e+06,505.295,-237.857,-1066.75,-101.469,-0.216697,-0.971852,-0.0924424,227.741,1444.86
0,1.8882e+06,-4.9995e+07,-1.01028e+06,396.671,116.197,-907.839,-255.093,0.122297,-0.95549,-0.268482,213.166,1336.24
0,-1.79416e+06,-4.9995e+07,2.9436e+06,218.35,-161.657,-650.416,-93.8723,-0.238874,-0.961092,-0.138711,175.207,1157.92
0,1.81873e+06,-4.9995e+07,1.04369e+06,81.3339,-20.4466,-345.015,-199.998,-0.0512041,-0.864017,-0.500852,117.258,1020.9
0,-1.18643e+06,-4.9995e+07,2.01186e+06,77.2377,-81.2121,-307.967,222.86,-0.20892,-0.792253,0.573312,114.607,1016.8
0,1.8124e+06,-4.99951e+07,3.49905e+06,0.0144703,4.39555,-2.74915,-0.559519,0.842936,-0.527205,-0.107299,1.66382,939.58
0,488710,-4.9995e+07,2.55275e+06,367.92,93.4979,-867.135,257.043,0.10283,-0.953681,0.282698,208.473,1307.49
0,-2.16946e+06,-4.99951e+07,-2.97386e+06,0.229921,-1.93563,-15.2613,13.9804,-0.0931168,-0.73417,0.672551,6.63088,939.795
0,-687435,-4.9995e+07,844626,37.3505,-88.2397,-243.43,67.3583,-0.32981,-0.909858,0.251762,82.1013,976.916
0,1.35084e+06,-4.9995e+07,-2.62022e+06,39.9497,56.9847,-270.406,-17.3268,0.205805,-0.97659,-0.0625772,84.7426,979.515
0,-113546,-4.9995e+07,63205.2,134.354,110.981,-504.689,59.0888,0.213378,-0.970342,0.113607,145.188,1073.92
0,-4.20592e+06,-4.9995e+07,-1.73766e+06,372.469,25.1828,-884.747,-235.031,0.0274988,-0.966114,-0.256646,209.25,1312.03
0,5.59666e+06,-4.9995e+07,2.42244e+06,234.271,296.911,-621.661,143.142,0.421965,-0.883494,0.203431,179.699,1173.84
0,4.21561e+06,-4.9995e+07,481977,116.895,107.7,-425.99,200.648,0.222963,-0.881896,0.415387,137.071,1056.46
0,4.06101e+06,-4.9995e+07,-1.55323e+06,249.333,140.349,-714.306,-27.6529,0.192658,-0.980531,-0.0379592,183.688,1188.9
0,-668386,-4.99952e+07,390819,0.000183955,-0.237598,-0.0367953,-0.536533,-0.404119,-0.0625832,-0.912563,0.187598,939.566
0,484447,-4.99945e+07,647736,1.85235e-06,-0.0271122,0.0520874,-0.0057119,-0.459542,0.882863,-0.0968146,0.0188249,939.565
0,-683005,-4.9995e+07,409072,379.359,-134.068,-913.983,-58.6539,-0.144841,-0.987424,-0.0633669,210.386,1318.92
0,-464281,-4.99946e+07,-114844,4.02179e-06,-0.0739291,-0.0402273,-0.021765,-0.850408,-0.462735,-0.250364,0.0277384,939.565
0,-465212,-4.9995e+07,-117981,2.19156e-06,0.0600124,-0.0190861,0.0123477,0.935159,-0.297414,0.192411,0.0204762,939.565
0,-81232.7,-4.9995e+07,-109986,0.383801,12.9519,-22.7591,5.96907,0.482233,-0.847383,0.222244,8.56603,939.949
0,1.01592e+06,-4.9995e+07,-611322,1272.43,60.9185,-1864.8,-727.296,0.0304207,-0.931219,-0.363188,271.4,2211.99
0,30292.6,-4.9995e+07,-132678,1937.81,568.504,-2657.6,-102.335,0.209036,-0.977184,-0.0376278,283.356,2877.38
0,-2.79793e+06,-4.9995e+07,1.904e+06,64.5732,-177.987,-300.159,61.1261,-0.502396,-0.847248,0.172538,105.768,1004.14
0,-1.681e+06,-4.9995e+07,1.96071e+06,532.696,-399.914,-934.626,501.312,-0.35282,-0.824565,0.442278,230.803,1472.26
0,3.63019e+06,-4.9995e+07,3.34462e+06,172.427,-72.4121,-537.467,244.194,-0.121749,-0.903663,0.410572,160.345,1111.99
0,-849682,-4.9995e+07,-572364,292.143,-123.046,-752.159,-231.168,-0.154494,-0.944397,-0.290251,193.842,1231.71
0,-1.14285e+06,-4.9995e+07,1.43809e+06,110.959,-91.7651,-451.501,92.4314,-0.195281,-0.96082,0.196699,134.096,1050.52
0,-623128,-4.9995e+07,1.01715e+06,446.893,-131.946,-961.014,313.889,-0.129416,-0.942586,0.30787,220.448,1386.46
0,-571942,-4.99951e+07,348325,1.97745e-05,0.169052,0.0923531,-0.00715283,0.876979,0.479094,-0.0371062,0.061507,939.565
0,158777,-4.99952e+07,-9.54969e+06,1.08861e-07,0.00970541,-0.00883566,-0.00568339,0.678576,-0.617765,-0.397367,0.00456362,939.565
0,1.14502e+06,-4.99951e+07,1.14767e+06,1.66461e-05,-0.0325268,-0.044544,0.168042,-0.183911,-0.251857,0.950129,0.0564324,939.565
0,-55023,-4.9995e+07,1.77299e+06,0.135355,9.31702,12.7685,2.12738,0.584179,0.800589,0.133387,5.08804,939.701
0,3.39548e+06,-4.9995e+07,-1.54718e+06,277.56,435.46,-539.146,343.959,0.562827,-0.696842,0.444564,190.568,1217.13
0,-515996,-4.9995e+07,1.43732e+06,195.432,-220.602,-597.083,16.2302,-0.346456,-0.93772,0.0254895,168.185,1135
0,2.08617e+06,-4.9995e+07,-206997,776.951,202.344,-1422.08,20.1294,0.140855,-0.989931,0.0140124,250.888,1716.52
0,3.73988e+06,-4.99948e+07,2.48602e+06,0.00510206,2.72315,-0.872923,1.1874,0.879468,-0.281919,0.383481,0.987969,939.57
0,3.64141e+06,-4.99951e+07,2.46968e+06,0.00150418,1.32899,-0.865956,0.557194,0.790482,-0.515072,0.331419,0.53644,939.567
0,-2.32403e+06,-4.99955e+07,-2.8687e+06,0.571949,-2.59864,29.4226,-14.2356,-0.0792544,0.897341,-0.434164,10.4556,940.137
0,-3.14888e+06,-4.99951e+07,-2.67924e+06,0.000550929,-0.373791,0.77789,-0.538921,-0.367369,0.764525,-0.529662,0.324653,939.566
0,-3.24891e+06,-4.99951e+07,-2.70325e+06,0.000137418,0.400381,-0.24079,0.199853,0.787904,-0.473848,0.393288,0.162141,939.565
0,2.63575e+06,-4.9995e+07,9.2739e+06,146.016,315.372,-435.257,-82.4372,0.579956,-0.800418,-0.151599,150.17,1085.58
0,3.95858e+06,-4.9995e+07,-4.24966e+06,58.8805,84.4857,-327.054,3.02682,0.250103,-0.968178,0.00896031,101.426,998.446
0,428219,-4.99954e+07,-1.44217e+06,0.00111006,-0.723939,0.00713149,1.24973,-0.501245,0.00493774,0.865291,0.460835,939.566
0,-2.31431e+06,-4.9995e+07,2.18986e+06,197.147,-226.968,-490.833,341.908,-0.354753,-0.767177,0.534406,168.73,1136.71
0,-2.159e+06,-4.9995e+07,1.20063e+06,104.271,-191.604,-405.71,74.1604,-0.421324,-0.892128,0.163074,130.605,1043.84
0,894743,-4.9995e+07,4.84244e+06,150.003,244.351,-407.327,280.631,0.442903,-0.738308,0.508664,151.796,1089.57
0,-568056,-4.9995e+07,-1.40233e+06,338.985,-142.214,-844.337,-137.036,-0.164006,-0.973718,-0.158034,203.319,1278.55
0,-2.33011e+06,-4.9995e+07,-1.24852e+06,115.866,-117.51,-465.639,22.8996,-0.244414,-0.9685,0.0476298,136.562,1055.43
0,4.60399e+06,-4.9995e+07,-4.46768e+06,138.994,189.627,-427.087,-249.29,0.358038,-0.806388,-0.470688,147.208,1078.56
0,154162,-4.9995e+07,642511,68.418,85.2806,-341.886,95.3341,0.233626,-0.936595,0.261167,108.563,1007.98
0,551197,-4.9995e+07,-2.2005e+06,209.896,235.322,-618.139,-31.6972,0.355377,-0.933497,-0.0478682,172.698,1149.46
0,-3.35615e+06,-4.99947e+07,1.01208e+06,0.198108,15.2536,-3.73131,-11.2123,0.790533,-0.193379,-0.581087,6.15528,939.763
0,-1.70462e+06,-4.9995e+07,2.24909e+06,414.757,254.184,-915.356,221.176,0.260595,-0.938442,0.226755,215.906,1354.32
0,1.16187e+06,-4.9995e+07,-1.23687e+06,223.466,-32.1591,-655.362,-198.307,-0.0469158,-0.956087,-0.289304,176.686,1163.03
0,1.96583e+06,-4.9995e+07,785290,8.36022e-07,-0.0325008,0.0195057,0.0115852,-0.819988,0.492123,0.292293,0.0126468,939.565
0,2.42559e+06,-4.9995e+07,448978,175.669,109.051,-589.263,42.9122,0.181508,-0.980792,0.0714247,161.5,1115.23
0,2.1753e+06,-4.9995e+07,-960590,191.633,212.879,-549.301,-223.11,0.337934,-0.871986,-0.354176,166.942,1131.2
0,-1.60988e+06,-4.99952e+07,581971,0.00306393,0.736479,1.76764,-1.44589,0.306932,0.736673,-0.602582,0.765615,939.568
0,-2.96729e+06,-4.9995e+07,-3.90795e+06,301.678,-297.162,-389.309,-646.556,-0.366365,-0.47997,-0.797124,195.896,1241.24
0,-3.41131e+06,-4.99953e+07,7.71642e+06,8.61362e-05,-0.214327,0.326546,-0.0963998,-0.532729,0.811657,-0.23961,0.12837,939.565
0,-3.31442e+06,-4.99949e+07,7.81132e+06,1.78251e-06,0.0539815,-0.0132417,0.0161312,0.932719,-0.228797,0.278723,0.0184666,939.565
0,2.53227e+06,-4.9995e+07,-223476,191.974,81.3082,-607.79,146.896,0.128947,-0.963899,0.232963,167.053,1131.54
0,5.08959e+06,-4.9995e+07,-3.90148e+06,136.242,154.094,-466.65,-181.857,0.29407,-0.890548,-0.347054,146.019,1075.81
0,62860.7,-4.9995e+07,-2.20698e+06,270.796,32.8092,-627.856,-432.333,0.0429994,-0.822862,-0.566612,188.986,1210.36
0,-196790,-4.9995e+07,-355545,214.348,-137.214,-655.663,-3.33297,-0.204835,-0.978784,-0.00497551,174.034,1153.91
0,1.12755e+06,-4.9995e+07,167957,327.977,295.571,-795.001,67.0215,0.347399,-0.934403,0.0787736,201.227,1267.54
0,-1.40763e+06,-4.9995e+07,359607,2184.91,-814.84,-2866.24,17.1758,-0.273449,-0.961869,0.00576396,285.914,3124.48
0,2.30293e+06,-4.99954e+07,1.77516e+06,6.0258e-05,-0.233268,0.1399,-0.198107,-0.693218,0.41575,-0.588729,0.107369,939.565
0,-515438,-4.9995e+07,-1.26983e+06,292.881,-52.3702,-791.297,-85.1342,-0.065661,-0.992117,-0.10674,194.004,1232.45
0,-781073,-4.9995e+07,-3.76417e+06,0.00589252,2.94476,-1.1149,1.07621,0.884953,-0.335047,0.323421,1.06175,939.571
0,3.11212e+06,-4.99954e+07,564007,0.0398228,1.00853,-0.853609,8.54915,0.116584,-0.0986757,0.988267,2.7601,939.605
0,-2.86173e+06,-4.9995e+07,1.45303e+06,166.754,-58.943,-578.895,50.6589,-0.100914,-0.991107,0.0867316,158.275,1106.32
0,-69711.8,-4.9995e+07,663386,249.504,157.072,-684.017,196.35,0.215531,-0.938592,0.269427,183.732,1189.07
0,725750,-4.9995e+07,1.61478e+06,1965.46,289.274,-2584.27,891.196,0.105233,-0.940116,0.324202,283.674,2905.02
0,4.05208e+06,-4.9995e+07,450563,134.487,355.531,-324.5,-197.744,0.683202,-0.623571,-0.379992,145.247,1074.05
0,1.15617e+06,-4.9995e+07,-1.68137e+06,238.216,25.2685,-698.527,-125.726,0.0355793,-0.983562,-0.177029,180.771,1177.78
0,-387410,-4.99954e+07,739380,0.698446,-34.9442,-6.12862,-7.36907,-0.964382,-0.169136,-0.20337,11.5528,940.264
0,2.66976e+06,-4.9995e+07,-3.48229e+06,93.5227,-38.4186,-426.334,-35.3675,-0.0894454,-0.992582,-0.0823419,124.64,1033.09
0,324962,-4.99953e+07,-2.64599e+06,0.0367685,5.26539,2.34229,-5.99029,0.633447,0.281786,-0.720654,2.65215,939.602
0,-190701,-4.99948e+07,1.4118e+06,0.00040586,0.661146,-0.477248,-0.312707,0.75706,-0.546484,-0.358072,0.278651,939.566
0,-250667,-4.99948e+07,1.44825e+06,7.14221e-07,-0.0247777,-0.0254296,-0.00902848,-0.676342,-0.694137,-0.246445,0.0116893,939.565
0,-134235,-4.99951e+07,1.36306e+06,0.0104806,0.17765,-2.98996,-3.27461,0.0400306,-0.67374,-0.737883,1.41599,939.576
0,-1.97534e+06,-4.9995e+07,1.18302e+06,9.82073e-05,-0.186402,-0.0793689,0.378813,-0.433911,-0.184757,0.881808,0.13707,939.565
0,-190439,-4.99953e+07,444328,1.25097e-05,0.140996,0.0391817,-0.0457404,0.919615,0.255553,-0.298331,0.048921,939.565
0,1.82967e+06,-4.9995e+07,-593526,0.00623907,2.44246,2.3524,-0.474028,0.713325,0.687023,-0.138441,1.09252,939.572
0,979595,-4.9995e+07,1.68839e+06,243.831,143.216,-561.633,426.263,0.199056,-0.780616,0.592465,182.262,1183.4
0,273521,-4.9995e+07,349704,165.735,92.8275,-557.603,139.165,0.159455,-0.957825,0.239052,157.896,1105.3
0,-1.46941e+06,-4.99954e+07,-764505,5.01477e-08,0.0019345,0.00563058,0.00766736,0.19928,0.580028,0.789845,0.0030974,939.565
0,-614205,-4.9995e+07,885756,123.719,-26.8749,-483.856,113.804,-0.0539889,-0.972017,0.22862,140.347,1063.28
0,1.88566e+06,-4.99951e+07,65327.2,0.0515568,2.24289,-7.16444,6.36591,0.227866,-0.727872,0.646745,3.14049,939.617
0,2.72041e+06,-4.9995e+07,-3.93855e+06,206.505,221.372,-588.183,189.022,0.337317,-0.896248,0.288023,171.664,1146.07
0,-1.73086e+06,-4.9995e+07,-4.99957e+06,271.583,-146.792,-750.029,2.54211,-0.19207,-0.981376,0.00332622,189.17,1211.15
0,-1.94959e+06,-4.9995e+07,4.15944e+06,139.322,-127.746,-459.548,231.755,-0.240895,-0.866588,0.43703,147.348,1078.89
0,405293,-4.99954e+07,4.0075e+06,0,-0,0,0,-0.923166,0.365155,0.120109,0,939.565
0,-685834,-4.9995e+07,4942.8,216.337,-210.61,-624.955,135.652,-0.312805,-0.928203,0.201475,174.62,1155.9
0,-1.21333e+06,-4.9995e+07,161125,172.82,-229.477,-545.452,-66.6409,-0.385353,-0.915958,-0.111908,160.485,1112.39
0,-5249.41,-4.9995e+07,-1.33279e+06,250.069,281.341,-571.788,-355.46,0.385563,-0.783605,-0.487139,183.877,1189.63
0,139161,-4.99946e+07,-5.71359e+06,8.11312e-05,-0.177421,-0.318657,0.139412,-0.454394,-0.816114,0.357048,0.124585,939.565
0,174342,-4.99947e+07,-5.77597e+06,2.24674e-06,0.0533228,0.0335975,0.0158055,0.820649,0.517073,0.243251,0.0207324,939.565
0,2.20309e+06,-4.9995e+07,-750746,563.127,114.573,-1131.24,-287.173,0.097697,-0.96462,-0.244875,233.959,1502.69
0,2.41011e+06,-4.9995e+07,5.95783e+06,230.499,-124.759,-421.773,541.119,-0.17891,-0.604841,0.775989,178.665,1170.06
0,3.17996e+06,-4.9995e+07,-422750,126.803,332.385,-379.087,13.1593,0.659048,-0.751648,0.0260921,141.782,1066.37
0,-1.33155e+06,-4.9995e+07,12489.3,408.84,-294.197,-920.194,-45.8858,-0.304184,-0.951431,-0.0474434,215.028,1348.41
0,901628,-4.99949e+07,825944,0.000249624,-0.229138,-0.278125,0.582425,-0.334561,-0.406086,0.85039,0.218532,939.566
0,1.18525e+06,-4.9995e+07,-2.02962e+06,172.615,195.895,-557.076,-73.8461,0.329172,-0.936081,-0.124087,160.412,1112.18
0,-168321,-4.99953e+07,641921,57.1745,86.7307,-293.387,130.803,0.260666,-0.881764,0.393123,100.074,996.74
0,8.12307e+06,-4.9995e+07,4.45629e+06,99.92,13.8498,-429.823,-113.169,0.0311451,-0.966573,-0.254492,128.247,1039.49
0,205503,-4.9995e+07,-131697,217.047,-294.982,-549.522,-256.866,-0.437325,-0.814694,-0.380816,174.827,1156.61
0,3.86159e+06,-4.9995e+07,673584,238.188,-29.3706,-708.266,42.6281,-0.041358,-0.99734,0.0600264,180.763,1177.75
0,2.75227e+06,-4.99948e+07,3.74746e+06,0.00521597,-2.43019,-0.429109,1.92654,-0.776235,-0.137063,0.615364,0.998936,939.571
0,-882266,-4.9995e+07,334094,193.377,-257.994,-561.041,139.455,-0.407529,-0.886225,0.220284,167.512,1132.94
0,-1.88868e+06,-4.9995e+07,2.72875e+06,344.67,54.0927,-777.827,398.167,0.0617858,-0.88845,0.454795,204.365,1284.24
0,-2.28947e+06,-4.9995e+07,202068,530.319,-144.194,-1121.12,8.56962,-0.127561,-0.991802,0.00758114,230.549,1469.88
0,2.6505e+06,-4.9995e+07,1.05242e+06,144.175,392.402,-367.375,-52.5934,0.726533,-0.680197,-0.0973769,149.401,1083.74
0,-2.0325e+06,-4.9995e+07,183483,218.777,-362.951,-542.851,-180.427,-0.53574,-0.801283,-0.266322,175.331,1158.34
0,144824,-4.9995e+07,-1.31234e+06,171.416,-96.2711,-515.153,277.211,-0.162381,-0.868912,0.467573,159.982,1110.98
0,1.50856e+06,-4.9995e+07,-546425,116.375,128.504,-464.308,-11.4372,0.266662,-0.963498,-0.0237336,136.814,1055.94
0,-1.94036e+06,-4.99949e+07,-6.34004e+06,0.0707143,-2.76927,-10.4829,-3.91488,-0.240229,-0.909371,-0.339608,3.67791,939.636
0,5.58454e+06,-4.9995e+07,-2.56651e+06,56.0115,88.5822,-316.479,-19.6049,0.269061,-0.96128,-0.0595483,99.1355,995.577
0,916935,-4.9995e+07,998088,114.226,186.282,-336.767,282.1,0.390388,-0.705756,0.59119,135.745,1053.79
0,2.19309e+06,-4.99952e+07,-604668,3.41973e-05,0.246957,0.0440822,-0.0364736,0.974196,0.173896,-0.143881,0.080885,939.565
0,7.36839e+06,-4.99946e+07,-1.02007e+06,0.000193526,-0.333139,-0.260516,0.429896,-0.55243,-0.432003,0.712878,0.192416,939.566
0,242324,-4.9995e+07,-4.2424e+06,370.82,-56.7375,-686.186,-600.214,-0.0621157,-0.751231,-0.65711,208.969,1310.39
0,-2.52122e+06,-4.9995e+07,3.62019e+06,247.17,-240.801,-669.245,140.304,-0.332161,-0.923154,0.193535,183.131,1186.74
0,-816621,-4.99945e+07,-158690,0.14454,3.86645,15.297,4.76267,0.234598,0.928147,0.288976,5.25778,939.71
0,1.89196e+06,-4.9995e+07,494873,191.851,447.566,-427.462,119.505,0.710046,-0.678152,0.18959,167.013,1131.42
0,-1.86429e+06,-4.99955e+07,363338,0.48401,14.9343,-14.9702,21.5084,0.495135,-0.496325,0.713094,9.61888,940.049
0,2.61545e+06,-4.9995e+07,797556,105.956,167.237,-425.124,40.4286,0.364653,-0.926962,0.0881526,131.504,1045.52
0,-2.7375e+06,-4.99953e+07,-3.89216e+06,7.77741e-06,0.0255352,-0.0286182,-0.114646,0.211224,-0.236726,-0.948338,0.0385736,939.565
0,-2.73277e+06,-4.99948e+07,-3.90834e+06,2.95267e-06,0.0545069,0.0131614,-0.049033,0.731754,0.176691,-0.658267,0.0237673,939.565
0,-231048,-4.9995e+07,-148821,1185.35,-146.223,-1804.23,596.512,-0.0767212,-0.946655,0.312981,268.891,2124.91
0,-634386,-4.99955e+07,5229.71,0.000290564,-0.225638,0.69771,-0.0910767,-0.305361,0.944226,-0.123256,0.235772,939.566
0,-529333,-4.99951e+07,30329.9,1.84701e-05,-0.0921102,-0.00508373,-0.161857,-0.494418,-0.0272878,-0.868796,0.0594439,939.565
0,232746,-4.99955e+07,195003,0.000137192,0.203418,-0.450324,0.116752,0.400633,-0.886916,0.229944,0.162008,939.565
0,-3.19252e+06,-4.9995e+07,3.73658e+06,1.92275e-05,0.0104813,0.0261047,0.187989,0.0551411,0.137334,0.988989,0.0606504,939.565
0,622784,-4.9995e+07,736824,299.116,116.199,-796.587,59.1204,0.143956,-0.98687,0.0732427,195.354,1238.68
0,1.99353e+06,-4.9995e+07,889439,354.134,229.299,-855.806,76.7661,0.257839,-0.962324,0.0863208,206.073,1293.7
0,-300190,-4.9995e+07,-1.42854e+06,250.035,-52.5629,-701.119,-195.025,-0.0720401,-0.960919,-0.267292,183.868,1189.6
0,245206,-4.9995e+07,1.63171e+06,253.255,35.6437,-630.434,375.925,0.0485033,-0.857883,0.511551,184.695,1192.82
0,3.74665e+06,-4.99952e+07,3.02903e+06,0,-0,-0,0,-0.698733,-0.708518,0.0988636,0,939.565
0,3.37985e+06,-4.9995e+07,713569,164.386,329.317,-425.322,-215.818,0.568189,-0.73383,-0.372363,157.389,1103.95
0,-1.41216e+06,-4.99946e+07,-1.12054e+06,2.91464e-06,-0.0141129,-0.0712533,0.0141702,-0.190698,-0.962794,0.191472,0.0236137,939.565
0,-940453,-4.99949e+07,-1.7174e+06,0.00171192,0.173864,-0.748972,-1.62041,0.0969372,-0.417586,-0.903452,0.572286,939.567
0,-953391,-4.99952e+07,-1.78427e+06,0.000662588,-0.517851,-0.840899,0.519432,-0.464092,-0.753604,0.465509,0.356036,939.566
0,738373,-4.9995e+07,-538561,173.748,96.9217,-555.975,-195.4,0.162285,-0.930923,-0.327178,160.815,1113.31
0,-314919,-4.99946e+07,-59461.9,0.00251963,-1.72271,1.29426,-0.30309,-0.79171,0.594805,-0.139292,0.694288,939.568
0,682326,-4.9995e+07,-507355,373.545,30.4671,-910.717,-105.555,0.0332131,-0.992802,-0.115069,209.427,1313.11
0,1.83717e+06,-4.99954e+07,251627,0.231068,7.6286,-1.60472,-19.3259,0.366075,-0.077006,-0.927394,6.64749,939.796
0,1.65552e+06,-4.9995e+07,3.22719e+06,172.188,112.736,-446.251,375.983,0.18969,-0.750864,0.63263,160.26,1111.75
0,1.80169e+06,-4.9995e+07,2.34264e+06,284.126,223.351,-506.122,555.511,0.284891,-0.645573,0.708571,192.061,1223.69
0,-533686,-4.9995e+07,1.53586e+06,205.343,-430.769,-491.02,36.9902,-0.658426,-0.750519,0.0565391,171.305,1144.91
0,1.76244e+06,-4.9995e+07,528392,52.9937,121.329,-282.2,-89.6263,0.37917,-0.881917,-0.280095,96.6447,992.559
0,374305,-4.9995e+07,-13893.1,427.669,323.34,-921.602,-180.688,0.325537,-0.927864,-0.181916,217.781,1367.23
0,-6.31614e+06,-4.9995e+07,-6.69101e+06,170.103,-256.848,-362.147,-389.179,-0.435035,-0.613384,-0.65917,159.501,1109.67
0,596227,-4.9995e+07,-2.11912e+06,79.2544,1.27835,-335.091,-207.179,0.0032448,-0.850553,-0.525879,115.927,1018.82
0,125174,-4.9995e+07,-972848,141.787,269.195,-372.661,-274.22,0.502893,-0.696181,-0.51228,148.403,1081.35
0,948206,-4.9995e+07,-672253,266.361,362.312,-544.182,-379.567,0.479274,-0.719855,-0.5021,187.923,1205.93
0,1.94215e+06,-4.9995e+07,3.92748e+06,146.648,-93.2929,-506.597,178.137,-0.171165,-0.929455,0.326828,150.43,1086.21
0,-4.32713e+06,-4.99951e+07,-149915,0.171914,17.8842,0.72027,1.64752,0.994984,0.0400721,0.0916596,5.73399,939.737
0,-1.74434e+06,-4.9995e+07,2.137e+06,209.347,272.416,-590.502,-119.643,0.411987,-0.893043,-0.180942,172.533,1148.91
0,651082,-4.9995e+07,-615742,191.121,282.205,-472.864,-304.02,0.448641,-0.751746,-0.483322,166.774,1130.69
0,-164923,-4.99946e+07,3.26608e+06,0.0115996,3.85862,-2.62807,0.0394491,0.826478,-0.562906,0.00844958,1.48967,939.577
0,-1.07297e+06,-4.9995e+07,803634,99.7256,130.41,-415.91,85.7625,0.293562,-0.936243,0.193058,128.14,1039.29
0,1.63269e+06,-4.9995e+07,-751844,125.379,31.835,-478.722,-145.382,0.0635021,-0.954918,-0.289998,141.123,1064.94
0,-359984,-4.9995e+07,-1.17216e+06,408.606,160.055,-855.071,-421.924,0.165544,-0.884395,-0.436394,214.992,1348.17
0,-2.14818e+06,-4.9995e+07,2.00853e+06,393.439,-324,-860.939,218.919,-0.342648,-0.91049,0.231519,212.652,1333
0,2.11571e+06,-4.9995e+07,-1.10248e+06,332.705,619.342,-585.084,-99.9006,0.721979,-0.682044,-0.116456,202.129,1272.27
0,-2.48517e+06,-4.9995e+07,2.00665e+06,226.454,-224.088,-595.802,267.626,-0.324521,-0.86283,0.387571,177.53,1166.02
0,1.03836e+06,-4.9995e+07,498590,317.145,575.169,-475.851,373.207,0.689165,-0.570163,0.447175,199.093,1256.71
0,2.32341e+06,-4.99952e+07,1.56866e+06,0,0,0,0,0.498731,0.381341,0.778362,0,939.565
0,-817406,-4.9995e+07,3.17457e+06,211.049,93.2995,-638.401,-157.705,0.140474,-0.961191,-0.237444,173.044,1150.61
0,380075,-4.9995e+07,-1.36727e+06,1.38045e-07,0.00234667,-0.0151187,0.00503224,0.145701,-0.938696,0.312444,0.00513905,939.565
0,5.24342e+06,-4.9995e+07,4.98392e+06,150.955,103.481,-528.983,126.172,0.18693,-0.955568,0.22792,152.183,1090.52
0,-1.60158e+06,-4.9995e+07,2.7472e+06,292.877,-401.237,-678.76,120.102,-0.503069,-0.851027,0.150583,194.003,1232.44
0,-1.71985e+06,-4.9995e+07,-976962,1303.15,-478.492,-1979.2,28.5105,-0.234968,-0.971902,0.0140003,272.212,2242.72
0,-1.41304e+06,-4.9995e+07,-938521,1188.5,-1024.56,-1402.47,-793.267,-0.536579,-0.734497,-0.415449,268.99,2128.07
0,872727,-4.99953e+07,2.73279e+06,9.45568e-06,-0.054097,0.0363762,0.11627,-0.405834,0.272893,0.872255,0.0425323,939.565
0,783522,-4.9995e+07,-197215,176.257,251.578,-534.806,-113.873,0.417977,-0.888539,-0.189191,161.709,1115.82
0,137724,-4.9995e+07,1.91982e+06,229.721,-90.3993,-545.916,422.197,-0.12988,-0.784337,0.606586,178.452,1169.29
0,-1.91383e+06,-4.9995e+07,-3.02971e+06,180.308,-374.204,-383.878,-289.73,-0.614081,-0.629957,-0.475456,163.123,1119.87
0,-482903,-4.9995e+07,-1.33292e+06,1013.9,-332.902,-1642.27,-354.034,-0.194376,-0.958899,-0.206715,262.836,1953.46
0,-915217,-4.9995e+07,1.28202e+06,661.562,140.301,-1278.01,166.844,0.108218,-0.985762,0.128692,242.743,1601.13
0,-1.51132e+06,-4.9995e+07,-286988,138.32,190.599,-490.429,-46.9485,0.360809,-0.928395,-0.0888748,146.919,1077.88
0,-23325.9,-4.99953e+07,-92492.8,0,-0,-0,0,-0.221834,-0.971418,0.0844831,0,939.565
0,-1.08874e+06,-4.9995e+07,-189516,201.93,-375.052,-515.788,-116.311,-0.578559,-0.795661,-0.179424,170.25,1141.5
0,-4.18009e+06,-4.99946e+07,-770531,0.0620929,-1.5485,9.70408,4.48524,-0.143352,0.898355,0.415221,3.44645,939.627
0,-166728,-4.9995e+07,379235,132.271,-236.883,-457.856,-17.4254,-0.459255,-0.887662,-0.0337832,144.267,1071.84
0,-1.86539e+06,-4.99954e+07,2.90988e+06,0.0290781,5.51493,2.67031,-4.13488,0.746063,0.361242,-0.55937,2.35855,939.594
0,-1.80174e+06,-4.99954e+07,2.75934e+06,0.002032,0.820612,1.01092,-1.45707,0.41995,0.517339,-0.745656,0.623496,939.567
0,1.03889e+06,-4.9995e+07,-416765,490.582,481.901,-927.009,-266.392,0.446945,-0.859766,-0.247069,226.009,1430.15
0,-1.15858e+06,-4.99952e+07,-147836,0.000758108,1.05936,0.193063,-0.514842,0.887566,0.161754,-0.43135,0.380836,939.566
0,1.18759e+06,-4.99952e+07,227490,63.6993,305.214,-168.341,-47.5646,0.867601,-0.478527,-0.135207,105.118,1003.26
0,-2.84225e+06,-4.9995e+07,924072,114.663,-373.063,-271.547,-125.303,-0.780243,-0.567928,-0.262065,135.963,1054.23
0,5.2769e+06,-4.9995e+07,7.13902e+06,124.875,-301.117,-399.038,18.6494,-0.601932,-0.797677,0.0372802,140.89,1064.44
0,14555.4,-4.9995e+07,-1.23869e+06,328.913,173.403,-777.941,-301.652,0.203475,-0.912856,-0.353966,201.406,1268.48
0,800273,-4.9995e+07,2.84087e+06,35.35,42.6651,-254.325,34.2877,0.164003,-0.977615,0.131801,79.9967,974.915
0,5.48221e+06,-4.99954e+07,2.99281e+06,5.55748e-07,0.0157128,-0.0161756,-0.0231469,0.486223,-0.500546,-0.716269,0.0103113,939.565
0,5.2447e+06,-4.9995e+07,2.07506e+06,129.088,126.961,-491.708,36.6119,0.249357,-0.965738,0.0719075,142.831,1068.65
0,3.38807e+06,-4.99949e+07,56684.5,0.0131841,-4.5088,-0.372671,-2.07524,-0.905849,-0.0748722,-0.416931,1.58816,939.579
0,3.86526e+06,-4.99953e+07,292254,0.0041141,2.40796,0.0403276,1.38963,0.866029,0.0145039,0.499783,0.887173,939.569
0,-2.26135e+06,-4.9995e+07,-3.0576e+06,210.822,-192.624,-591.824,-230.76,-0.29019,-0.891591,-0.347643,172.976,1150.39
0,2.435e+06,-4.9995e+07,-1.55234e+06,104.68,50.7266,-408.569,-195.353,0.111315,-0.89657,-0.428686,130.823,1044.25
0,829558,-4.9995e+07,3.2416e+06,342.939,-242.793,-838.257,20.2887,-0.278131,-0.960262,0.0232417,204.047,1282.5
0,229424,-4.9995e+07,387563,39.9867,52.2833,-226.31,150.962,0.188736,-0.81695,0.544951,84.7796,979.552
0,1.34684e+06,-4.9995e+07,-1.93643e+06,93.6245,179.38,-220.046,-322.647,0.41739,-0.512015,-0.750751,124.699,1033.19
0,531377,-4.9995e+07,-459144,3212.84,12.4164,-4044.44,44.5214,0.0030698,-0.999935,0.0110073,292.015,4152.4
0,-2.74412e+06,-4.9995e+07,-2.47105e+06,255.218,-128.227,-551.611,-473.295,-0.173736,-0.747385,-0.641273,185.184,1194.78
