0.840188 27697.4
0.394383 13213
0.783099 23374.6
0.79844 24346.8
0.911647 38497.6
0.197551 11300.6
0.335223 12546.2
0.76823 22529.2
0.277775 11981.6
0.55397 15660.2
0.477397 14340.7
0.628871 17344.1
0.364784 12867.3
0.513401 14920.9
0.95223 54175.3
0.916195 39644.5
0.635712 17524.3
0.717297 20175.1
0.141603 10885.3
0.606969 16800.4
0.0163006 10091.7
0.242887 11671.7
0.137232 10854.6
0.804177 24740.5
0.156679 10993
0.400944 13293.2
0.12979 10802.9
0.108809 10660.9
0.998925 445754
0.218257 11465.9
0.512932 14912.9
0.839112 27594.4
0.61264 16936.6
0.296032 12153.3
0.637552 17573.7
0.524287 15109.6
0.493583 14593.6
0.972775 74039.2
0.292517 12119.7
0.771358 22699.9
0.526745 15153.1
0.769914 22620.7
0.400229 13284.4
0.891529 34350.9
0.283315 12033
0.352458 12730.7
0.807725 24993.1
0.919026 40408.8
0.0697553 10409.9
0.949327 52428.6
0.525995 15139.8
0.0860558 10512.6
0.192214 11259.1
0.663227 18305.9
0.890233 34124.8
0.348893 12691.9
0.0641713 10375.3
0.020023 10113
0.457702 14049
0.0630958 10368.7
0.23828 11632.4
0.970634 70990.1
0.902208 36386.7
0.85092 28788
0.266666 11880.4
0.53976 15389.7
0.375207 12986.1
0.760249 22109.4
0.512535 14906.1
0.667724 18443.1
0.531606 15240.3
0.0392803 10225.1
0.437638 13768.3
0.931835 44465.3
0.93081 44098.1
0.720952 20321.5
0.284293 12042.1
0.738534 21069.7
0.639979 17639.4
0.354049 12748.1
0.687861 19094.9
0.165974 11060.9
0.440105 13802
0.880075 32487.6
0.829201 26693
0.330337 12495.3
0.228968 11554.1
0.893372 34679.5
0.35036 12707.8
0.68667 19054.6
0.956468 57045.1
0.58864 16380.3
0.657304 18129.4
0.858676 29655.3
0.43956 13794.5
0.92397 41847.9
0.398437 13262.4
0.814767 25516.6
0.684219 18972.2
0.910972 38335.1
0.482491 14419
0.215825 11446.1
0.950252 52968.2
0.920128 40717.5
0.14766 10928.2
0.881062 32637.1
0.641081 17669.5
0.431953 13691.6
0.619596 17107.9
0.281059 12012
0.786002 23550.2
0.307458 12264.3
0.447034 13897.8
0.226107 11530.4
0.187533 11223
0.276235 11967.4
0.556444 15708.7
0.416501 13488.9
0.169607 11087.7
0.906804 37372.9
0.103171 10623.6
0.126075 10777.4
0.495444 14623.5
0.760475 22121
0.984752 102169
0.935004 45657
0.684445 18979.8
0.383188 13079.2
0.749771 21590.2
0.368664 12911.2
0.29416 12135.3
0.232262 11581.6
0.584489 16289.1
0.244413 11684.8
0.15239 10962
0.732149 20789.1
0.125475 10773.3
0.79347 24019.6
0.164102 11047.1
0.745071 21368.2
0.0745298 10439.7
0.950104 52880.6
0.0525293 10304.3
0.521563 15061.7
0.176211 11137
0.240062 11647.5
0.797798 24303.8
0.732654 20811
0.656564 18107.7
0.967405 66992.7
0.639458 17625.3
0.759735 22083.1
0.0934805 10560.4
0.134902 10838.4
0.52021 15038.1
0.0782321 10463
0.0699064 10410.8
0.204655 11356.6
0.46142 14102.8
0.819677 25900.3
0.573319 16050.8
0.755581 21873.8
0.0519388 10300.7
0.157807 11001.1
0.999994 7.62099e+06
0.204329 11354
0.889956 34077.1
0.125468 10773.3
0.997799 299444
0.0540576 10313.6
0.87054 31135.6
0.0723288 10425.9
0.00416161 10023.2
0.923069 41575.1
0.593892 16497.6
0.180372 11168.4
0.163131 11040
0.39169 13180.5
0.913027 38835.6
0.819695 25901.8
0.359095 12803.7
0.552485 15631.3
0.57943 16180
0.452576 13975.8
0.687387 19078.8
0.0996401 10600.5
0.530808 15225.9
0.757294 21959.5
0.304295 12233.2
0.992228 148573
0.576971 16127.7
0.877614 32122.9
0.747809 21496.7
0.62891 17345.2
0.0354209 10202.4
0.747803 21496.4
0.833239 27050.1
0.925377 42284.4
0.873271 31506.7
0.831038 26853.8
0.979434 86524.6
0.743811 21309.7
0.903366 36628.4
0.983596 98104.7
0.66688 18417.1
0.497259 14652.8
0.163968 11046.1
0.830012 26763.6
0.888949 33905.1
0.0769947 10455.2
0.649707 17909.9
0.248044 11716.1
0.62948 17360
0.229137 11555.5
0.70062 19542.8
0.316867 12357.8
0.328777 12479.2
0.231428 11574.7
0.074161 10437.4
0.633072 17454.2
0.223656 11510.2
0.651132 17950.5
0.510686 14874.8
0.971466 72132.2
0.280042 12002.6
0.546107 15508.9
0.719269 20253.7
0.113281 10690.7
0.471483 14251.4
0.59254 16467.2
0.944318 49753.7
0.450918 13952.3
0.336351 12558.1
0.847684 28446.6
0.434513 13726
0.00323146 10018
0.344943 12649.3
0.598481 16602.1
0.833243 27050.5
0.233892 11595.3
0.675476 18686.6
0.48295 14426.1
0.481936 14410.4
0.304956 12239.7
0.712087 19971.5
0.182556 11185
0.621823 17163.8
0.0408643 10234.5
0.413984 13456.7
0.695984 19376.7
0.673936 18637.5
0.63764 17576.1
0.347116 12672.7
0.184622 11200.7
0.609106 16851.3
0.627158 17299.8
0.730729 20728.2
0.328374 12475
0.740438 21155.4
0.202213 11337.2
0.920914 40941.9
0.684757 18990.2
0.65313 18007.9
0.257265 11796.7
0.532441 15255.4
0.0876436 10522.8
0.260497 11825.3
0.877384 32089.5
0.686125 19036.2
0.0937402 10562.1
0.111276 10677.3
0.361601 12831.6
0.576691 16121.8
0.593211 16482.3
0.666557 18407.2
0.288778 12084.2
0.775767 22946.8
0.288379 12080.5
0.329642 12488.1
0.189751 11240
0.984363 100751
0.00357857 10019.9
0.827391 26537.1
0.331479 12507.1
0.188201 11228.1
0.436497 13752.8
0.958637 58687.9
0.91893 40382.2
0.764871 22349.9
0.699075 19487
0.121143 10743.8
0.685786 19024.7
0.383832 13086.8
0.774273 22862.3
0.943051 49135.7
0.916273 39665
0.861917 30040
0.203548 11347.8
0.793657 24031.6
0.548042 15545.8
0.297288 12165.3
0.904932 36962.4
0.909643 38020.8
0.873979 31604.9
0.498144 14667.1
0.5762 16111.4
0.162757 11037.2
0.273911 11946.1
0.864579 30366.6
0.492399 14574.7
0.463662 14135.5
0.848942 28578
0.495977 14632.1
0.291053 12105.8
0.180421 11168.8
0.684178 18970.9
0.72755 20593.5
0.139058 10867.4
0.603109 16709.4
0.492422 14575
0.838134 27501.6
0.724252 20456.3
0.178208 11152
0.221966 11496.3
0.498525 14673.3
0.121259 10744.6
0.138238 10861.7
0.360443 12818.7
0.324807 12438.3
0.931895 44487.2
0.908485 37752.7
0.622095 17170.7
0.836828 27379.1
0.818128 25777.5
0.496074 14633.6
0.334972 12543.6
0.394327 13212.3
0.658831 18174.5
0.608883 16846
0.258906 11811.2
0.15123 10953.7
0.072545 10427.3
0.107848 10654.5
0.647207 17839.3
0.363598 12854
0.28827 12079.4
0.331386 12506.2
0.0911486 10545.3
0.427328 13630
0.934495 45459.4
0.58357 16269.2
0.265461 11869.6
0.658747 18172
0.761778 22188.1
0.487427 14496
0.157272 10997.3
0.883037 32942
0.625665 17261.5
0.517715 14994.9
0.207844 11381.9
0.557561 15730.7
0.426199 13615.1
0.829939 26757.3
0.394388 13213.1
0.244327 11684
0.326013 12450.7
0.72936 20669.9
0.638654 17603.5
0.984845 102517
0.338243 12578
0.89756 35460.1
0.136075 10846.5
0.410788 13416.1
0.00540855 10030.2
0.783282 23385.5
0.774386 22868.7
0.293678 12130.7
0.114668 10700
0.865535 30486.4
0.721006 20323.7
0.0491625 10284
0.449105 13926.8
0.986467 109173
0.707909 19812.3
0.210883 11406.3
0.473894 14287.6
0.865181 30441.9
0.0939195 10563.2
0.0995593 10599.9
0.382896 13075.8
0.301763 12208.6
0.65712 18124
0.809095 25092.6
0.131702 10816.2
0.0515083 10298.1
0.0534223 10309.7
0.457716 14049.2
0.780868 23242.1
0.692076 19239.7
0.44256 13835.7
0.119111 10730
0.589637 16402.4
0.578635 16163
0.529899 15209.5
0.595045 16523.7
0.361917 12835.2
0.304285 12233.1
0.888723 33866.9
0.476585 14328.4
0.16982 11089.3
0.609729 16866.3
0.525747 15135.4
0.618925 17091.2
0.596196 16549.9
0.233656 11593.4
0.829808 26745.8
0.0700902 10412
0.0988374 10595.2
0.923728 41774.1
0.16965 11088
0.481733 14407.3
0.225491 11525.3
0.826769 26484.2
0.290829 12103.6
0.357193 12782.7
0.878278 32220.2
0.344251 12641.9
0.814909 25527.5
0.659146 18183.8
0.0363274 10207.7
0.257469 11798.5
0.778257 23089.6
0.625964 17269.1
0.836104 27311.8
0.308157 12271.1
0.221009 11488.4
0.198021 11304.3
0.612442 16931.7
0.109733 10667
0.674605 18658.8
0.782262 23324.6
0.719462 20261.5
0.200352 11322.6
0.401188 13296.2
0.315658 12345.7
0.434009 13719.2
0.230996 11571.1
0.385748 13109.5
0.532846 15262.8
0.154724 10978.8
0.555398 15688.1
0.0145793 10081.9
0.380215 13044.3
0.382167 13067.2
0.305408 12244.1
0.737408 21019.4
0.260445 11824.8
0.649659 17908.6
0.552316 15628.1
0.919591 40566.1
0.685986 19031.5
0.809785 25143.2
0.697848 19443
0.31195 12308.7
0.645889 17802.4
0.00600477 10033.5
0.53296 15264.8
0.84391 28062.4
0.618447 17079.3
0.642693 17713.7
0.518515 15008.7
0.400709 13290.3
0.362154 12837.8
0.718867 20237.7
0.801897 24581.9
0.677812 18761.7
0.152876 10965.5
0.0328927 10187.5
0.0635606 10371.6
0.685722 19022.6
0.187616 11223.6
0.618958 17092
0.700301 19531.3
0.567831 15937.3
0.00112548 10006.3
0.00570914 10031.9
0.305239 12242.5
0.26157 11834.8
0.655368 18072.8
0.857555 29525.4
0.181161 11174.4
0.341354 12611
0.667341 18431.3
0.879009 32328.3
0.653305 18012.9
0.31323 12321.4
0.885014 33255.6
0.186265 11213.3
0.157139 10996.3
0.503461 14754.2
0.828957 26671.8
0.675654 18692.3
0.90417 36798.7
0.191112 11250.5
0.394521 13214.7
0.706067 19743.2
0.868924 30921.8
0.547397 15533.5
0.738959 21088.8
0.932485 44702.5
0.233119 11588.8
0.926576 42666.7
0.551443 15611.1
0.93342 45050.3
0.494407 14606.8
0.552568 15632.9
0.939129 47350.9
0.799646 24428.1
0.814139 25468.7
0.594497 16511.3
0.657201 18126.4
0.9953 196459
0.935852 45991.2
0.324541 12435.6
0.874309 31651
0.589157 16391.7
0.637771 17579.6
0.759324 22062.2
0.775421 22927.2
0.79491 24113.1
0.262785 11845.6
0.604379 16739.2
0.470564 14237.6
0.166955 11068.1
0.79549 24151.1
0.865086 30429.9
0.873021 31472.2
0.664414 18341.8
0.412483 13437.6
0.611981 16920.6
0.596899 16565.9
0.645601 17794.4
0.538557 15367.4
0.148342 10933.1
0.579022 16171.3
0.0329634 10188
0.70091 19553.4
0.518151 15002.4
0.832609 26993.5
0.515049 14949
0.112648 10686.5
0.48981 14533.5
0.510349 14869.1
0.0484997 10280
0.814351 25484.9
0.384658 13096.6
0.637656 17576.5
0.452122 13969.3
0.143982 10902.1
0.413078 13445.2
0.247033 11707.3
0.406767 13365.5
0.0174566 10098.3
0.717597 20187
0.573721 16059.3
0.812947 25378.4
0.582682 16249.9
0.446743 13893.7
0.477361 14340.2
0.995165 193391
0.0587232 10341.9
0.0742604 10438
0.640766 17660.9
0.59728 16574.6
0.222602 11501.5
0.219788 11478.4
0.630243 17379.9
0.923513 41708.8
0.737939 21043.1
0.462852 14123.7
0.438562 13780.9
0.850586 28752.3
0.952662 54449.7
0.948911 52190.9
0.899086 35757
0.767014 22463.8
0.333569 12528.9
0.536742 15334
0.219136 11473.1
0.477551 14343.1
0.94982 52714.3
0.466169 14172.4
0.884318 33144.2
0.967277 66846.8
0.183765 11194.2
0.458039 14053.9
0.780224 23204.2
0.766448 22433.5
0.904782 36929.8
0.257585 11799.5
0.761612 22179.6
0.963505 62915.4
0.331846 12511
0.402379 13310.9
0.560785 15794.7
0.554448 15669.5
0.622167 17172.5
0.191028 11249.9
0.477961 14349.3
0.360105 12815
0.65388 18029.6
0.916523 39730.9
0.210692 11404.7
0.606542 16790.2
0.865434 30473.6
0.109778 10667.3
0.373556 12967.1
0.199003 11312
0.64652 17820
0.592692 16470.6
0.676554 18721.1
0.596341 16553.1
0.0588605 10342.8
0.560872 15796.5
0.563617 15851.6
0.242626 11669.4
0.0189108 10106.6
0.343841 12637.5
0.00907344 10050.8
0.923692 41763.3
0.601427 16670.2
0.770686 22662.9
0.887197 33611.5
0.933273 44995
0.173065 11113.5
0.447982 13911
0.487721 14500.6
0.795231 24134.1
0.639009 17613.1
0.965682 65102.2
0.155336 10983.3
0.292889 12123.2
0.882204 32812.5
0.366028 12881.3
0.899431 35825.1
0.747638 21488.6
0.475806 14316.5
0.272987 11937.7
0.94664 50945.3
0.122326 10751.8
0.865679 30504.5
0.623194 17198.5
0.718666 20229.6
0.92454 42023.2
0.184066 11196.5
0.282284 12023.4
0.167165 11069.7
0.202977 11343.3
0.626125 17273.3
0.176239 11137.2
0.126669 10781.5
0.227552 11542.4
0.946925 51096.7
0.0138663 10077.9
0.160824 11023.1
0.119989 10735.9
0.461848 14109
0.648545 17877
0.915221 39390.7
0.100857 10608.4
0.614227 16975.2
0.070557 10414.9
0.393746 13205.3
0.496431 14639.4
0.436585 13754
0.293177 12126
0.244069 11681.8
0.912391 38678.7
0.566164 15903.3
0.190709 11247.4
0.0347164 10198.2
0.431844 13690.1
0.813904 25450.8
0.753383 21765.3
0.356383 12773.7
0.99797 313196
0.0356664 10203.8
0.523548 15096.6
0.200947 11327.3
0.661792 18262.7
0.699787 19512.7
0.327616 12467.2
0.889343 33972.2
0.646712 17825.4
0.341482 12612.3
0.0501679 10290.1
0.766701 22447.1
0.80333 24681.3
0.698713 19474
0.681922 18896
0.904187 36802.3
0.31294 12318.5
0.752479 21721.1
0.297933 12171.5
0.809371 25112.8
0.189064 11234.7
0.591111 16435.2
0.0534394 10309.8
0.101454 10612.3
0.157275 10997.3
0.244149 11682.5
0.136171 10847.2
0.589119 16390.9
0.0580523 10337.8
0.889553 34008
0.945502 50351.1
0.0560222 10325.5
0.92522 42235.1
0.46905 14215
0.256969 11794
0.587011 16344.3
0.168837 11082
0.584585 16291.3
0.476355 14324.9
0.815549 25576.7
0.926068 42503.5
0.526523 15149.2
0.58225 16240.6
0.729398 20671.5
0.225236 11523.2
0.264172 11858
0.633585 17467.7
0.538175 15360.4
0.0166506 10093.7
0.931518 44350.9
0.347546 12677.3
0.205714 11365
0.522629 15080.4
0.400985 13293.7
0.307168 12261.4
0.679904 18829.7
0.645134 17781.3
0.443339 13846.4
0.269022 11901.7
0.703186 19636.5
0.332892 12521.9
0.214524 11435.6
0.759208 22056.3
0.258112 11804.1
0.683574 18950.8
0.0161775 10091
0.845123 28184.3
0.852411 28949.2
0.600763 16654.8
0.321478 12404.4
0.66796 18450.4
0.52683 15154.7
0.848 28479.4
0.25021 11734.9
0.256228 11787.5
0.0732357 10431.6
0.514382 14937.6
0.889813 34052.5
0.611411 16906.8
0.531033 15230
0.821331 26033.2
0.958957 58941.6
0.736747 20990.1
0.343959 12638.8
0.359942 12813.2
0.0439153 10252.6
0.0238632 10135.1
0.0050762 10028.3
0.487254 14493.2
0.292886 12123.2
0.708262 19825.6
0.820146 25937.8
0.50741 14819.8
0.467471 14191.6
0.0782579 10463.1
0.190984 11249.5
0.483648 14436.9
0.923381 41668.9
0.0433947 10249.5
0.084411 10502.1
0.244858 11688.6
0.711355 19943.3
0.611241 16902.7
0.0928584 10556.4
0.961565 61131.3
0.867469 30732.8
0.166094 11061.8
0.475947 14318.7
0.757282 21958.9
0.777505 23046.2
0.00698012 10039
0.578613 16162.6
0.736462 20977.5
0.743727 21305.8
0.922572 41426.5
0.0964041 10579.3
0.787642 23651.1
0.946435 50836.8
0.10148 10612.5
0.274897 11955.2
0.239321 11641.2
0.809743 25140
0.0950427 10570.5
0.74673 21445.8
0.277214 11976.4
0.173301 11115.2
0.937714 46750.1
0.760862 22140.9
0.0966814 10581.1
0.981109 90704.8
0.845273 28199.5
0.34154 12613
0.692463 19253.1
0.456514 14031.9
0.434398 13724.4
0.654029 18033.9
0.323983 12429.9
0.600492 16648.5
0.129976 10804.2
0.081265 10482.1
0.377997 13018.5
0.136956 10852.7
0.659878 18205.5
0.114459 10698.6
0.880683 32579.4
0.58245 16244.9
0.210863 11406.1
0.668326 18461.7
0.528885 15191.3
0.312343 12312.6
0.943222 49217.8
0.768206 22527.9
0.122086 10750.2
0.0382648 10219.1
0.514936 14947.1
0.3993 13273
0.211565 11411.8
0.45265 13976.8
0.160162 11018.3
0.308247 12272
0.433758 13715.8
0.00543489 10030.3
0.649787 17912.2
0.126222 10778.4
0.461949 14110.5
0.0841846 10500.7
0.780251 23205.7
0.785932 23545.9
0.684677 18987.5
0.910227 38157.9
0.867197 30697.8
0.0626739 10366.1
0.0471826 10272.1
0.527075 15159
0.177133 11143.9
0.927866 43088.9
0.109525 10665.7
0.387996 13136.2
0.596191 16549.7
0.638409 17596.8
0.70034 19532.7
0.539413 15383.3
0.406615 13363.6
0.822426 26122.3
0.577678 16142.7
0.921551 41126.1
0.221726 11494.3
0.789244 23750.8
0.374201 12974.5
0.381888 13063.9
0.0974906 10586.4
0.807959 25010.1
0.387323 13128.2
0.747277 21471.6
0.934181 45339
0.849272 28612.7
0.831462 26891.3
0.714432 20062.4
0.635204 17510.8
0.516139 14967.7
0.624658 17235.7
0.502401 14736.7
0.578813 16166.8
0.671841 18571.3
0.0294762 10167.6
0.755945 21892
0.599707 16630.3
0.139001 10867
0.143942 10901.8
0.195898 11287.7
0.77741 23040.8
0.844281 28099.6
0.735311 20926.8
0.184025 11196.1
0.666707 18411.8
0.31299 12319
0.105576 10639.5
0.888433 33817.9
0.102233 10617.5
0.479777 14377.1
0.270321 11913.5
0.199724 11317.6
0.287736 12074.4
0.657643 18139.4
0.947001 51137.5
0.221918 11495.9
0.506915 14811.5
0.778463 23101.5
0.936349 46190.6
0.142119 10888.9
0.294601 12139.6
0.561007 15799.2
0.64452 17764.3
0.873414 31526.4
0.232848 11586.6
0.673996 18639.4
0.629359 17356.8
0.832555 26988.7
0.812997 25382.1
0.773301 22807.8
0.0284525 10161.7
0.590407 16419.5
0.617582 17057.8
0.763764 22291.6
0.774432 22871.3
0.284289 12042.1
0.0767534 10453.6
0.880009 32477.6
0.172722 11110.9
0.178987 11157.9
0.359786 12811.4
0.443043 13842.4
0.37871 13026.8
0.647522 17848.2
0.100686 10607.3
0.325711 12447.6
0.86944 30989.6
0.6076 16815.4
0.104174 10630.2
0.805789 24854.4
0.749719 21587.7
0.398775 13266.5
0.366796 12890
0.394239 13211.2
0.272189 11930.4
0.599644 16628.9
0.0682348 10400.4
0.901549 36251.1
0.432199 13694.9
0.881232 32662.9
0.67485 18666.6
0.460652 14091.6
0.471639 14253.7
0.292432 12118.9
0.224415 11516.4
0.246071 11699
0.576721 16122.4
0.301169 12202.8
0.12608 10777.4
0.749443 21574.5
0.480156 14383
0.485866 14471.5
0.192486 11261.2
0.858866 29677.5
0.133388 10827.8
0.293171 12125.9
0.184577 11200.4
0.00282779 10015.7
0.900772 36093.2
0.288752 12084
0.808617 25057.8
0.650491 17932.2
0.687527 19083.6
0.175413 11131
0.0447295 10257.5
0.959716 59556.4
0.775058 22906.6
0.112964 10688.6
0.861265 29961.5
0.207257 11377.3
0.994196 174731
0.536115 15322.4
0.667908 18448.8
0.465835 14167.4
0.828546 26636.3
0.892324 34491.4
0.711906 19964.5
0.405267 13346.8
0.193493 11269
0.837986 27487.6
0.154711 10978.7
0.673648 18628.3
0.323852 12428.6
0.347196 12673.6
0.532514 15256.7
0.45724 14042.4
0.640368 17650
0.717092 20167
0.460067 14083.2
0.54114 15415.4
0.00584319 10032.6
0.268684 11898.6
0.19163 11254.5
0.69337 19284.8
0.444097 13856.9
0.23636 11616.1
0.653087 18006.6
0.219155 11473.2
0.349324 12696.6
0.514352 14937.1
0.426412 13617.9
0.34352 12634.1
0.0504663 10291.9
0.0943199 10565.8
0.809355 25111.6
0.879013 32328.7
0.986644 109972
0.521261 15056.5
0.28428 12042
0.180136 11166.6
0.359247 12805.4
0.43899 13786.7
0.853785 29100
0.683098 18934.9
0.786187 23561.5
0.386299 13116
0.140338 10876.4
0.426555 13619.8
0.10339 10625.1
0.600405 16646.5
0.967694 67325
0.109233 10663.7
0.86909 30943.5
0.159324 11012.2
0.802604 24630.8
0.313187 12321
0.395684 13228.8
0.45569 14020.1
0.532342 15253.6
0.745008 21365.2
0.970042 70207.3
0.958753 58779.9
0.0885283 10528.5
0.0205084 10115.8
0.0530733 10307.6
0.897883 35522.3
0.899521 35842.8
0.039717 10227.7
0.419144 13523
0.183801 11194.4
0.219853 11478.9
0.778391 23097.3
0.622791 17188.3
0.0736379 10434.1
0.461489 14103.8
0.408978 13393.3
0.459937 14081.3
0.601827 16679.5
0.835533 27259.1
0.563327 15845.8
0.202232 11337.4
0.803227 24674.1
0.67256 18593.9
0.071322 10419.6
0.962551 62020.2
0.475164 14306.8
0.384509 13094.8
0.358235 12794.2
0.930854 44113.8
0.916851 39818
0.103244 10624.1
0.900896 36118.3
0.875604 31833.6
0.191772 11255.6
0.921405 41083.6
0.928678 43360.8
0.089655 10535.7
0.820926 26000.5
0.968395 68150.1
0.508799 14843
0.00472651 10026.4
0.188248 11228.5
0.287189 12069.3
0.627518 17309.1
0.261886 11837.6
0.748678 21538
0.0364959 10208.7
0.721822 20356.8
0.350505 12709.4
0.872028 31336.3
0.285149 12050.1
0.552738 15636.2
0.675255 18679.5
0.957709 57969.2
0.62406 17220.5
0.637806 17580.6
0.432873 13703.9
0.00856861 10047.9
0.996042 216125
0.363727 12855.4
0.92542 42297.9
0.0992851 10598.1
0.264624 11862.1
0.801024 24521.9
0.291057 12105.8
0.186029 11211.4
0.729702 20684.4
0.380712 13050.1
0.00695418 10038.8
0.698096 19451.9
0.889511 34000.8
0.0116807 10065.5
0.886344 33471.2
0.1767 11140.7
0.639199 17618.2
0.14823 10932.3
0.925379 42285.1
0.675694 18693.6
0.870053 31070.7
0.275884 11964.2
0.547723 15539.7
0.155202 10982.3
0.828622 26642.8
0.222978 11504.6
0.112911 10688.3
0.452681 13977.3
0.860784 29903.9
0.545784 15502.8
0.46125 14100.3
0.856826 29441.8
0.909512 37990.2
0.386669 13120.4
0.956111 56786.6
0.174136 11121.5
0.187693 11224.2
0.247168 11708.5
0.360164 12815.6
0.917395 39963.4
0.62788 17318.5
0.367118 12893.7
0.615491 17006.2
0.517391 14989.3
0.378799 13027.8
0.501835 14727.4
0.694091 19310
0.0179977 10101.4
0.650066 17920.1
0.61947 17104.8
0.693692 19296
0.520118 15036.5
0.895354 35042.7
0.241415 11659.1
0.67532 18681.6
0.723975 20444.9
0.464393 14146.2
0.788231 23687.6
0.176656 11140.4
0.325177 12442.1
0.334016 12533.6
0.637906 17583.3
0.182003 11180.8
0.243528 11677.2
0.0245755 10139.2
0.138114 10860.8
0.417663 13503.9
0.212269 11417.4
0.385282 13103.9
0.777828 23064.8
0.129663 10802.1
0.0131615 10073.9
0.144946 10908.9
0.745154 21372
0.530552 15221.3
0.523745 15100
0.24699 11707
0.224643 11518.3
0.541743 15426.7
0.897055 35363.3
0.844113 28082.7
0.235435 11608.3
0.417174 13497.6
0.739467 21111.6
0.47685 14332.4
0.0924937 10554
0.463442 14132.3
0.941243 48289.8
0.880725 32585.8
0.640098 17642.7
0.26642 11878.2
0.214741 11437.4
0.278005 11983.7
0.448423 13917.2
0.458269 14057.2
0.30258 12216.5
0.586537 16333.9
0.875932 31880.3
0.514849 14945.6
0.971818 72632
0.65376 18026.1
0.644512 17764
0.98498 103028
0.798706 24364.7
0.389667 13156.2
0.515532 14957.3
0.322451 12414.3
0.636656 17549.6
0.740175 21143.5
0.864194 30318.8
0.533712 15278.5
0.584288 16284.8
0.0996293 10600.4
0.950885 53346.3
0.323755 12427.6
0.576479 16117.3
0.043379 10249.4
0.787197 23623.6
0.517722 14995
0.924104 41889.1
0.427295 13629.6
0.784142 23437.3
0.138845 10865.9
0.7053 19714.6
0.232565 11584.2
0.597114 16570.8
0.00788008 10044
0.819102 25854.5
0.473045 14274.8
0.522729 15082.2
0.79092 23856.3
0.126805 10782.4
0.167241 11070.2
0.775899 22954.3
0.925511 42326.8
0.556908 15717.8
0.291431 12109.4
0.247962 11715.4
0.193564 11269.5
0.0316064 10180
0.112157 10683.2
0.727276 20582
0.615894 17016.1
0.211786 11413.5
0.678161 18773
0.939649 47577.2
0.788265 23689.7
0.72154 20345.3
0.726846 20564
0.305987 12249.8
0.645644 17795.5
0.154141 10974.6
0.0901297 10538.8
0.784489 23458.2
0.859441 29744.9
0.322695 12416.8
0.381603 13060.6
0.867321 30713.8
0.141796 10886.6
0.854648 29195.9
0.39005 13160.8
0.932716 44787.9
0.981453 91637.4
0.557291 15725.4
0.708616 19839
0.906964 37408.7
0.114199 10696.9
4.68777e-05 10000.3
0.154927 10980.3
0.307763 12267.3
0.0316532 10180.3
0.267083 11884.2
0.0350389 10200.1
0.647548 17848.9
0.478869 14363.2
0.7132 20014.5
0.587197 16348.4
0.267134 11884.7
0.43474 13729
0.314043 12329.5
0.573122 16046.7
0.080384 10476.6
0.468185 14202.2
0.663252 18306.6
0.864873 30403.3
0.327626 12467.3
0.985946 106907
0.246476 11702.5
0.194948 11280.3
0.127743 10788.9
0.101124 10610.2
0.584998 16300.2
0.0604589 10352.5
0.082577 10490.5
0.142289 10890.1
0.769074 22574.9
0.989541 125976
0.256489 11789.8
0.769121 22577.5
0.144468 10905.5
0.564252 15864.4
0.800775 24504.9
0.411551 13425.8
0.599291 16620.7
0.448322 13915.8
0.89042 34157.3
0.312491 12314
0.0355193 10203
0.157555 10999.3
0.747231 21469.4
0.349562 12699.2
0.730677 20725.9
0.827615 26556.2
0.817747 25747.6
0.393928 13207.5
0.692488 19254
0.145373 10911.9
0.379874 13040.3
0.938963 47279.4
0.340321 12600
0.507617 14823.2
0.0400871 10229.9
0.925318 42266.1
0.568076 15942.3
0.122664 10754.1
0.0676078 10396.6
0.33715 12566.5
0.112205 10683.5
0.324096 12431.1
0.106272 10644.1
0.256673 11791.4
0.888348 33803.6
0.907046 37427
0.668224 18458.5
0.487639 14499.3
0.355369 12762.6
0.558645 15752.2
0.800129 24460.9
0.390888 13170.8
0.716199 20131.7
0.54736 15532.7
0.74045 21156
0.446876 13895.6
0.374975 12983.5
0.558198 15743.3
0.840804 27756.9
0.0674623 10395.7
0.703571 19650.7
0.220679 11485.7
0.0064256 10035.9
0.0438913 10252.5
0.728296 20624.8
0.0465127 10268.1
0.96921 69146.5
0.296372 12156.5
0.169177 11084.5
0.0368176 10210.6
0.633522 17466.1
0.281382 12015
0.360914 12824
0.739794 21126.3
0.538055 15358.2
0.249262 11726.6
0.64684 17829
0.20628 11369.5
0.736901 20996.9
0.00220922 10012.3
0.764925 22352.7
0.53703 15339.2
0.393097 13197.4
0.481124 14397.9
0.0843902 10502
0.133548 10828.9
0.928 43133.6
0.459365 14073
0.691745 19228.2
0.768804 22560.3
0.526827 15154.6
0.395316 13224.3
0.989483 125587
0.533253 15270.2
0.439207 13789.7
0.717778 20194.2
0.579765 16187.2
0.408417 13386.2
0.0141502 10079.5
0.748942 21550.6
0.445235 13872.7
0.647672 17852.4
0.030324 10172.5
0.806149 24880
0.387466 13129.9
0.568379 15948.5
0.0554106 10321.8
0.0343068 10195.8
0.774659 22884.1
0.792311 23945
0.036516 10208.8
0.539584 15386.5
0.329342 12485
0.429613 13660.3
0.0207081 10116.9
0.413732 13453.5
0.563161 15842.4
0.948708 52076.3
0.873097 31482.6
0.254906 11775.9
0.717512 20183.7
0.399924 13280.6
0.650222 17924.6
0.706995 19777.9
0.933176 44958.9
0.0894297 10534.3
0.424774 13596.4
0.512941 14913
0.497847 14662.3
0.438924 13785.8
0.261883 11837.6
0.943081 49150.2
0.0865962 10516.1
0.292207 12116.7
0.74923 21564.3
0.474063 14290.1
0.860587 29880.4
0.804641 24773.1
0.508369 14835.8
0.635246 17511.9
0.596952 16567.1
0.544885 15485.8
0.17483 11126.7
0.926294 42575.9
0.974499 76779.1
0.195538 11284.9
0.340026 12596.9
0.53766 15350.8
0.144246 10904
0.213122 11424.3
0.792566 23961.4
0.861759 30020.9
0.613046 16946.4
0.442789 13838.8
0.568754 15956.2
0.546222 15511.1
0.532218 15251.4
0.993528 164466
0.0591633 10344.6
0.0300651 10171
0.432452 13698.2
0.321047 12400
0.973147 74606.6
0.519048 15017.9
0.613254 16951.5
0.722377 20379.4
0.99311 158855
0.473841 14286.8
0.527017 15158
0.50148 14721.6
0.109087 10662.8
0.123969 10763
0.0463652 10267.3
0.283917 12038.6
0.0502633 10290.6
0.0208639 10117.8
0.479455 14372.2
0.390289 13163.6
0.558524 15749.7
0.623701 17211.4
0.603411 16716.5
0.35109 12715.7
0.48546 14465.1
0.216457 11451.3
0.793879 24046
0.054214 10314.5
0.762679 22234.9
0.326097 12451.6
0.0477418 10275.5
0.821842 26074.7
0.356162 12771.3
0.480193 14383.5
0.142889 10894.4
0.329309 12484.6
0.999241 541049
0.756143 21901.8
0.0516852 10299.2
0.992352 149896
0.229984 11562.6
0.578702 16164.5
0.493831 14597.6
0.339071 12586.8
0.702672 19617.6
0.540197 15397.8
0.622988 17193.3
0.752935 21743.4
0.56106 15800.3
0.102443 10618.8
0.143224 10896.7
0.119584 10733.2
0.726144 20534.7
0.746635 21441.3
0.470674 14239.2
0.211604 11412.1
0.963092 62523.7
0.264553 11861.5
0.265818 11872.8
0.725771 20519.1
0.590649 16424.9
0.31356 12324.7
0.547613 15537.6
0.946811 51036.2
0.793753 24037.9
0.690502 19185.3
0.27612 11966.4
0.792995 23988.9
0.446645 13892.3
0.327805 12469.1
0.785346 23510.2
0.676628 18723.5
0.906508 37307
0.279178 11994.6
0.0156992 10088.3
0.609179 16853.1
0.819374 25876.2
0.638687 17604.4
0.362115 12837.4
0.380434 13046.9
0.74113 21186.8
0.505339 14785.3
0.500019 14697.6
0.467274 14188.7
0.251974 11750.2
0.970693 71068.8
0.678878 18796.3
0.215066 11440
0.235245 11606.7
0.944697 49942.7
0.940837 48105.4
0.825895 26410.2
0.258257 11805.4
0.48845 14512.1
0.772706 22774.6
0.0520103 10301.2
0.178952 11157.7
0.0488258 10282
0.845005 28172.4
0.625596 17259.7
0.376631 13002.6
0.630351 17382.7
0.302225 12213.1
0.283138 12031.3
0.909529 37994.1
0.317924 12368.4
0.892318 34490.4
0.728903 20650.5
0.956611 57149.4
0.254432 11771.7
0.109337 10664.4
0.697741 19439.2
0.759771 22085
0.609356 16857.3
0.165015 11053.8
0.0117453 10065.9
0.580048 16193.2
0.843894 28060.8
0.226811 11536.2
0.815294 25557
0.78859 23710
0.167648 11073.2
0.641188 17672.4
0.0468473 10270.1
0.656098 18094.1
0.413894 13455.6
0.0988576 10595.3
0.83505 27214.8
0.46272 14121.7
0.943863 49529
0.460646 14091.6
0.839351 27617.1
0.574214 16069.6
0.762871 22244.9
0.122489 10752.9
0.483742 14438.4
0.0807953 10479.2
0.0148069 10083.2
0.212645 11420.4
0.0374063 10214.1
0.269239 11903.7
0.321982 12409.5
0.735147 20919.6
0.0290106 10164.9
0.931338 44286.2
0.900163 35970.6
0.0407559 10233.9
0.511386 14886.6
0.744056 21321
0.267567 11888.6
0.32668 12457.5
0.532647 15259.1
0.435216 13735.5
0.967868 67527.3
0.579494 16181.4
0.0913142 10546.4
0.381762 13062.5
0.678351 18779.2
0.926364 42598.6
0.844482 28119.7
0.622214 17173.7
0.387011 13124.5
0.683833 18959.4
0.196428 11291.8
0.149882 10944.1
0.806322 24892.4
0.68017 18838.4
0.230677 11568.4
0.821129 26016.9
0.892815 34579.2
0.268084 11893.2
0.0903681 10540.3
0.214797 11437.8
0.00323105 10018
0.119379 10731.8
0.146135 10917.3
0.903394 36634.1
0.160135 11018.1
0.657522 18135.8
0.64745 17846.1
0.427702 13635
0.984202 100178
0.180096 11166.3
0.862918 30161.6
0.95207 54074.7
0.75959 22075.7
0.954232 55479.5
0.333832 12531.7
0.437942 13772.4
0.880596 32566.3
0.178314 11152.8
0.0601557 10350.7
0.267607 11888.9
0.862147 30067.8
0.256583 11790.6
0.417489 13501.6
0.668469 18466.1
0.936754 46354.4
0.648167 17866.3
0.489597 14530.2
0.829569 26725
0.91625 39659.1
0.579965 16191.5
0.0443661 10255.3
0.919481 40535.5
0.699344 19496.7
0.190501 11245.8
0.822875 26159.1
0.859479 29749.3
0.848023 28481.8
0.470325 14234
0.287181 12069.2
0.832225 26959.2
0.650421 17930.2
0.150099 10945.6
0.784295 23446.4
0.410011 13406.3
0.104331 10631.3
0.118126 10723.3
0.847953 28474.5
0.984927 102829
0.29644 12157.2
0.908109 37666.8
0.252535 11755.1
0.158587 11006.8
0.164692 11051.4
0.670024 18514.4
0.827056 26508.5
0.101446 10612.3
0.318191 12371.1
0.316653 12355.7
0.931014 44170.6
0.234441 11600
0.896618 35280.2
0.97538 78294.5
0.153923 10973.1
0.595963 16544.5
0.165882 11060.2
0.976798 80916.9
0.455442 14016.6
0.0139049 10078.1
0.447123 13899
0.742623 21255
0.84613 28286.6
0.0975437 10586.8
0.892721 34562.4
0.630424 17384.6
0.507555 14822.2
0.997052 254591
0.748551 21531.9
0.355508 12764.1
0.98198 93115.3
0.044991 10259
0.263617 11853.1
0.234514 11600.6
0.203578 11348
0.428309 13643
0.904539 36877.5
0.0306337 10174.4
0.529754 15206.9
0.222729 11502.5
0.347287 12674.5
0.460768 14093.3
0.457171 14041.4
0.243905 11680.4
0.436149 13748.1
0.611093 16899.1
0.839868 27666.6
0.60203 16684.2
0.587891 16363.7
0.295309 12146.3
0.615935 17017.1
0.0350138 10200
0.037932 10217.2
0.462065 14112.2
0.132558 10822.1
0.930653 44042.8
0.0924893 10554
0.640113 17643.1
0.927706 43035.9
0.84104 27779.8
0.99562 204322
0.909686 38030.7
0.886031 33420.1
0.259237 11814.1
0.1442 10903.6
0.089609 10535.4
0.687546 19084.2
0.0487385 10281.5
0.120243 10737.7
0.2173 11458.1
0.271468 11923.9
0.467529 14192.5
0.678068 18770
0.728638 20639.3
0.711434 19946.4
0.114216 10697
0.339732 12593.8
0.551302 15608.4
0.716247 20133.6
0.927623 43008.6
0.846611 28335.9
0.332182 12514.5
0.962637 62099.3
0.884543 33180.2
0.794247 24069.9
0.0951945 10571.5
0.815197 25549.6
0.886736 33535.5
0.735307 20926.6
0.742903 21267.8
0.727776 20603
0.730928 20736.7
0.652588 17992.3
0.613807 16965
0.990165 130351
0.796788 24236.7
0.703416 19645
0.67771 18758.4
0.845527 28225.2
0.823659 26223.6
0.89501 34978.9
0.116995 10715.7
0.291188 12107.1
0.573077 16045.8
0.845633 28236
0.00262258 10014.6
0.687294 19075.7
0.185365 11206.4
0.553925 15659.3
0.403541 13325.3
0.112988 10688.8
0.400536 13288.2
0.735723 20944.9
0.0756249 10446.6
0.28508 12049.5
0.52997 15210.8
0.170819 11096.7
0.100276 10604.6
0.416706 13491.6
0.906126 37222.8
0.843179 27989.7
0.144482 10905.6
0.637054 17560.3
0.495767 14628.7
0.75829 22009.7
0.627219 17301.4
0.292555 12120
0.461706 14107
0.304929 12239.4
0.138082 10860.6
0.285365 12052.1
0.199938 11319.3
0.255076 11777.4
0.576553 16118.8
0.773016 22791.9
0.100709 10607.5
0.579176 16174.6
0.460309 14086.7
0.286074 12058.8
0.1331 10825.8
0.86385 30276.2
0.399062 13270
0.533636 15277.1
0.599573 16627.2
0.474687 14299.6
0.818716 25823.9
0.129542 10801.2
0.645506 17791.7
0.918992 40399.3
0.546248 15511.6
0.551633 15614.8
0.762171 22208.5
0.690731 19193.1
0.188687 11231.8
0.257939 11802.6
0.44902 13925.6
0.815905 25604.2
0.550494 15592.8
0.910726 38276.4
0.120834 10741.7
0.688576 19119.3
0.196091 11289.2
0.320772 12397.2
0.943652 49426.2
0.772644 22771.2
0.0937877 10562.4
0.0443619 10255.3
0.351819 12723.7
0.554097 15662.7
0.330436 12496.3
0.484919 14456.7
0.417947 13507.5
0.729499 20675.7
0.0185558 10104.6
0.0175198 10098.7
0.204186 11352.8
0.837272 27420.5
0.147062 10923.9
0.849692 28657.1
0.756264 21907.9
0.693311 19282.7
0.401325 13297.9
0.518436 15007.3
0.384041 13089.3
0.590012 16410.7
0.776374 22981.4
0.833062 27034.2
0.405917 13354.9
0.326868 12459.5
0.743788 21308.6
0.526751 15153.3
0.0154439 10086.8
0.939879 47677.9
0.847523 28429.9
0.959096 59053
0.712522 19988.3
0.941311 48320.9
0.00345808 10019.3
0.0643416 10376.4
0.495408 14622.9
0.333894 12532.3
0.549261 15569.1
0.913355 38917.3
0.0633928 10370.5
0.567817 15937
0.930875 44121.1
0.267578 11888.7
0.405089 13344.6
0.0779371 10461.1
0.117271 10717.6
0.161353 11027
0.771248 22693.8
0.518596 15010.1
0.679788 18826
0.155289 10982.9
0.108608 10659.6
0.456162 14026.9
0.988351 118652
0.514525 14940
0.78303 23370.5
0.732138 20788.7
0.041276 10236.9
0.798474 24349.1
0.672017 18576.8
0.888799 33879.7
0.757571 21973.4
0.384539 13095.2
0.83011 26772.2
0.761029 22149.5
0.448881 13923.6
0.325518 12445.6
0.094923 10569.7
0.998142 328981
0.238873 11637.4
0.158316 11004.8
0.565959 15899.1
0.169748 11088.8
0.425894 13611.1
0.971047 71551.3
0.247685 11713
0.543165 15453.3
0.1324 10821
0.0189329 10106.8
0.0617606 10360.5
0.812189 25321.4
0.174222 11122.1
0.170368 11093.4
0.268351 11895.6
0.162572 11035.9
0.684893 18994.8
0.0513816 10297.4
0.894711 34923.7
0.726169 20535.7
0.849856 28674.5
0.566728 15914.7
0.614968 16993.4
0.607427 16811.2
0.951267 53578
0.445079 13870.5
0.368455 12908.8
0.400148 13283.4
0.770597 22658
0.463378 14131.4
0.39829 13260.6
0.00947013 10053
0.621694 17160.6
0.964248 63639.1
0.179218 11159.7
0.0475882 10274.6
0.935296 45771.3
0.426904 13624.4
0.590753 16427.2
0.067696 10397.1
0.445836 13881.1
0.652514 17990.1
0.879885 32458.9
0.620058 17119.5
0.822882 26159.6
0.148236 10932.3
0.782631 23346.6
0.507775 14825.9
0.199617 11316.8
0.677342 18746.5
0.233944 11595.8
0.0494732 10285.9
0.244069 11681.8
0.848912 28574.8
0.6569 18117.5
0.195336 11283.3
0.293991 12133.7
0.0253549 10143.7
0.595484 16533.7
0.0645876 10377.9
0.488733 14516.5
0.993774 168048
0.0740577 10436.7
0.110427 10671.7
0.958022 58208.9
0.253276 11761.6
0.158015 11002.7
0.893318 34669.7
0.68018 18838.8
0.748768 21542.3
0.961014 60649.7
0.126016 10777
0.401282 13297.4
0.840899 27766.1
0.746075 21415
0.224164 11514.3
0.989134 123333
0.528705 15188.1
0.731938 20780.1
0.188752 11232.3
0.206047 11367.6
0.965882 65314.7
0.238225 11631.9
0.450117 13941
0.814794 25518.7
0.895125 35000.2
0.645453 17790.2
0.108785 10660.7
0.92048 40817.3
0.240937 11655
0.173373 11115.8
0.409213 13396.2
0.234711 11602.2
0.247431 11710.8
0.51964 15028.2
0.192734 11263.1
0.500707 14708.9
0.677655 18756.6
0.0860517 10512.6
0.180886 11172.3
0.426423 13618.1
0.0470658 10271.4
0.306902 12258.8
0.827705 26564
0.887965 33739.3
0.0529768 10307
0.0518689 10300.3
0.877099 32048.1
0.581682 16228.3
0.783807 23417.1
0.0658506 10385.7
0.787729 23656.5
0.74969 21586.3
0.304075 12231.1
0.237846 11628.7
0.564484 15869.1
0.1992 11313.5
0.883299 32983.1
0.673269 18616.3
0.119679 10733.8
0.124236 10764.8
0.846642 28339.1
0.528892 15191.5
0.358948 12802.1
0.0940727 10564.2
0.0485317 10280.2
0.551681 15615.7
0.594779 16517.7
0.726187 20536.4
0.637733 17578.6
0.775665 22941
0.15261 10963.6
0.684799 18991.6
0.0825677 10490.4
0.980315 88654.8
0.572763 16039.2
0.135545 10842.8
0.0321839 10183.4
0.449862 13937.4
0.717227 20172.3
0.815991 25610.8
0.515713 14960.4
0.504956 14778.9
0.565681 15893.4
0.819788 25909.2
0.742802 21263.2
0.130165 10805.5
0.0189879 10107.1
0.626101 17272.6
0.803434 24688.6
0.138667 10864.7
0.750337 21617.4
0.650077 17920.4
0.667559 18438
0.109285 10664.1
0.744149 21325.4
0.716091 20127.5
0.660966 18237.9
0.338929 12585.3
0.442278 13831.8
0.298698 12178.9
0.114594 10699.5
0.594888 16520.1
0.983497 97778.1
0.197162 11297.6
0.575203 16090.4
0.55626 15705.1
0.332706 12519.9
0.607387 16810.3
0.00612195 10034.2
0.0499329 10288.7
0.423378 13578.1
0.521834 15066.5
0.554889 15678.2
0.989059 122860
0.341622 12613.8
0.297691 12169.2
0.119224 10730.8
0.36061 12820.6
0.923792 41793.6
0.922658 41452.2
0.499278 14685.6
0.674129 18643.6
0.572735 16038.7
0.166837 11067.2
0.783413 23393.4
0.316884 12358
0.882928 32925.1
0.444379 13860.8
0.655813 18085.7
0.325206 12442.4
0.743078 21275.9
0.770407 22647.6
0.920094 40707.8
0.726575 20552.6
0.967568 67179.8
0.495297 14621.1
0.282835 12028.5
0.300275 12194.1
0.102683 10620.4
0.288957 12085.9
0.350207 12706.2
0.526061 15141
0.810791 25217.3
0.905096 36997.8
0.51512 14950.2
0.152413 10962.2
0.202787 11341.8
0.634344 17487.9
0.513024 14914.4
0.126579 10780.9
0.557002 15719.7
0.0123013 10069
0.800708 24500.3
0.129737 10802.6
0.179138 11159.1
0.584121 16281.2
0.446622 13892
0.0620666 10362.4
0.0285004 10161.9
0.102434 10618.8
0.387273 13127.6
0.771578 22712.1
0.872841 31447.4
0.307366 12263.4
0.498153 14667.3
0.840409 27718.8
0.802663 24634.9
0.780987 23249.1
0.140684 10878.8
0.905346 37052
0.0699438 10411.1
0.490891 14550.7
0.431407 13684.3
0.880735 32587.3
0.395988 13232.5
0.946527 50885.5
0.0331482 10189
0.598775 16608.9
0.580872 16210.9
0.546172 15510.1
0.725354 20501.8
0.137874 10859.1
0.558473 15748.7
0.526062 15141
0.267611 11889
0.737611 21028.5
0.110183 10670
0.714233 20054.7
0.799678 24430.3
0.138684 10864.8
0.816667 25663.2
0.186951 11218.5
0.910262 38166.2
0.689509 19151.1
0.494317 14605.4
0.408414 13386.2
0.529918 15209.9
0.29698 12162.4
0.189401 11237.3
0.670602 18532.4
0.202326 11338.1
0.259345 11815.1
0.161494 11028
0.633734 17471.7
0.14008 10874.6
0.557481 15729.1
0.580261 16197.8
0.173228 11114.7
0.156257 10989.9
0.161133 11025.4
0.7194 20259
0.881611 32721
0.299007 12181.9
0.277873 11982.5
0.407673 13376.9
0.566618 15912.5
0.0154844 10087.1
0.517856 14997.3
0.280851 12010.1
0.815162 25546.9
0.65654 18107
0.0975185 10586.6
0.00211305 10011.8
0.566801 15916.2
0.787027 23613.1
0.49643 14639.4
0.975215 78004.3
0.316945 12358.6
0.79341 24015.7
0.164617 11050.9
0.987547 114336
0.995737 207399
0.423962 13585.7
0.149041 10938
0.629471 17359.7
0.564042 15860.2
0.706522 19760.2
